	0
	4
	38
	231
	1590
	1971
	2308
	2751
	3277
	3973
	4787
	6875
	7733
	6577
	6289
	5718
	5553
	5585
	5242
	5140
	5014
	4691
	4592
	4351
	4094
	4021
	3789
	3644
	3542
	3339
	3141
	3126
	2965
	2912
	2928
	2834
	2912
	2714
	2651
	2281
	2152
	2030
	1971
	1878
	1784
	1690
	1719
	1609
	1567
	1393
	1407
	1346
	1407
	1246
	1245
	1197
	1232
	1145
	1019
	1023
	977
	977
	1004
	910
	865
	864
	881
	817
	818
	809
	841
	771
	703
	743
	710
	732
	692
	725
	744
	755
	690
	704
	680
	639
	626
	578
	611
	598
	650
	613
	621
	637
	653
	615
	616
	593
	558
	565
	507
	542
	490
	489
	463
	452
	459
	498
	484
	440
	453
	435
	480
	445
	425
	406
	454
	416
	427
	433
	471
	422
	444
	411
	413
	426
	434
	417
	412
	399
	420
	430
	409
	417
	430
	438
	444
	415
	445
	453
	440
	463
	450
	449
	420
	402
	387
	398
	378
	368
	341
	303
	287
	298
	274
	312
	282
	288
	315
	304
	280
	317
	284
	308
	305
	285
	287
	282
	261
	258
	250
	270
	305
	251
	308
	375
	454
	562
	647
	771
	760
	862
	819
	823
	698
	601
	478
	436
	260
	231
	190
	127
	126
	139
	96
	98
	125
	133
	170
	229
	268
	386
	428
	532
	569
	638
	658
	653
	609
	513
	420
	396
	262
	210
	175
	121
	115
	96
	112
	125
	139
	153
	184
	222
	233
	244
	270
	240
	264
	221
	183
	153
	137
	110
	76
	56
	53
	49
	32
	28
	27
	11
	24
	22
	32
	23
	20
	24
	27
	20
	16
	21
	19
	29
	17
	16
	11
	24
	18
	25
	15
	15
	12
	22
	14
	19
	19
	16
	31
	20
	20
	30
	35
	27
	28
	24
	26
	22
	14
	28
	34
	20
	19
	15
	23
	17
	19
	19
	22
	12
	16
	12
	4
	11
	12
	12
	12
	12
	17
	13
	13
	12
	17
	23
	12
	15
	8
	7
	14
	6
	10
	11
	4
	12
	12
	14
	13
	9
	12
	11
	21
	17
	23
	32
	43
	34
	25
	29
	13
	22
	16
	17
	17
	18
	14
	16
	16
	15
	16
	12
	14
	16
	19
	14
	14
	14
	18
	11
	7
	15
	15
	20
	11
	10
	9
	8
	5
	3
	11
	12
	12
	10
	11
	10
	7
	5
	9
	8
	14
	3
	5
	10
	7
	6
	5
	3
	7
	5
	4
	7
	2
	5
	5
	5
	4
	5
	7
	2
	2
	9
	3
	3
	2
	1
	6
	3
	4
	2
	8
	6
	9
	7
	7
	12
	8
	12
	17
	16
	17
	14
	15
	15
	14
	13
	20
	21
	18
	16
	17
	21
	10
	9
	9
	6
	4
	6
	7
	4
	3
	7
	3
	6
	3
	1
	3
	2
	0
	1
	1
	1
	1
	7
	2
	5
	8
	10
	10
	5
	7
	7
	4
	2
	2
	0
	3
	2
	1
	3
	2
	2
	2
	3
	2
	2
	1
	3
	3
	1
	1
	0
	2
	2
	1
	1
	2
	3
	2
	0
	2
	0
	3
	1
	1
	1
	0
	0
	0
	0
	2
	2
	1
	2
	1
	3
	1
	0
	2
	1
	0
	1
	0
	0
	0
	2
	1
	1
	0
	1
	2
	0
	0
	1
	0
	0