	0
	0
	0
	222
	1589
	1699
	2262
	2627
	3249
	4215
	5179
	6964
	7324
	6884
	6272
	6003
	5704
	5537
	5278
	5069
	5167
	4708
	4448
	4513
	4197
	3909
	3627
	3557
	3382
	3274
	3218
	3060
	3019
	2959
	2866
	2868
	2818
	2680
	2498
	2282
	2149
	2037
	1898
	1861
	1813
	1722
	1706
	1571
	1571
	1558
	1448
	1373
	1367
	1328
	1290
	1248
	1210
	1128
	1084
	1026
	1017
	961
	903
	969
	934
	894
	868
	863
	811
	809
	773
	754
	739
	749
	729
	749
	738
	764
	731
	692
	744
	667
	664
	645
	644
	606
	622
	625
	643
	575
	588
	630
	617
	598
	563
	573
	558
	602
	560
	592
	551
	571
	514
	544
	503
	528
	521
	469
	475
	455
	438
	433
	474
	407
	430
	454
	411
	433
	427
	427
	426
	407
	412
	361
	380
	388
	399
	402
	395
	404
	403
	406
	384
	420
	407
	416
	412
	419
	393
	429
	428
	413
	393
	417
	381
	414
	393
	375
	341
	353
	337
	313
	324
	292
	291
	296
	273
	279
	284
	284
	281
	292
	292
	279
	298
	246
	305
	249
	285
	325
	323
	310
	371
	420
	465
	465
	512
	542
	589
	613
	642
	650
	604
	566
	512
	474
	450
	361
	339
	279
	251
	247
	226
	227
	202
	222
	236
	258
	313
	334
	348
	408
	406
	436
	451
	434
	430
	388
	425
	373
	360
	345
	290
	263
	239
	231
	242
	201
	199
	175
	192
	169
	174
	160
	210
	172
	186
	184
	163
	151
	135
	144
	131
	106
	105
	88
	67
	63
	51
	45
	45
	32
	26
	20
	31
	22
	30
	24
	21
	31
	13
	24
	25
	17
	18
	22
	17
	21
	25
	25
	19
	18
	25
	27
	27
	33
	23
	17
	23
	24
	24
	19
	19
	21
	29
	29
	25
	29
	21
	20
	22
	21
	13
	13
	23
	22
	17
	21
	25
	14
	13
	20
	11
	20
	12
	10
	12
	4
	11
	13
	6
	13
	12
	11
	10
	8
	9
	8
	10
	14
	8
	9
	6
	11
	11
	9
	8
	13
	9
	8
	13
	9
	11
	15
	17
	13
	11
	14
	12
	8
	13
	13
	16
	13
	16
	22
	9
	11
	8
	18
	18
	16
	18
	14
	15
	5
	13
	12
	9
	12
	12
	12
	15
	15
	10
	11
	10
	9
	8
	12
	11
	9
	9
	11
	7
	11
	5
	10
	5
	4
	7
	6
	5
	7
	5
	5
	10
	7
	6
	4
	8
	3
	4
	7
	4
	10
	7
	7
	4
	4
	6
	5
	7
	5
	6
	4
	12
	9
	10
	11
	14
	11
	14
	12
	12
	12
	8
	11
	12
	14
	18
	8
	9
	12
	16
	15
	13
	8
	6
	9
	8
	7
	11
	10
	3
	7
	7
	5
	3
	6
	6
	7
	4
	4
	3
	4
	2
	4
	1
	2
	0
	0
	0
	1
	0
	1
	2
	1
	0
	2
	1
	1
	3
	2
	2
	1
	0
	1
	2
	2
	0
	0
	1
	0
	1
	1
	0
	1
	0
	1
	0
	3
	2
	2
	0
	0
	1
	0
	1
	1
	1
	1
	1
	0
	1
	0
	2
	1
	0
	0
	0
	0
	0
	0
	2
	1
	1
	0
	0
	0
	0
	0
	0
	0
	0
	0
	0
	0
	0
	0
	0
	0