	0
	5
	8
	234
	1934
	2248
	2814
	3377
	4317
	5368
	6401
	8469
	9238
	8245
	7996
	7353
	7094
	7054
	6658
	6523
	6248
	5910
	5782
	5318
	5123
	4774
	4590
	4399
	4184
	4062
	3882
	3786
	3598
	3572
	3481
	3449
	3312
	3126
	3017
	2751
	2508
	2336
	2233
	2181
	2125
	2026
	1929
	1893
	1830
	1707
	1659
	1647
	1488
	1550
	1526
	1431
	1326
	1266
	1208
	1146
	1096
	1066
	1032
	1064
	964
	918
	924
	908
	929
	907
	873
	830
	820
	806
	852
	834
	792
	847
	820
	809
	772
	761
	709
	642
	643
	648
	671
	718
	699
	695
	745
	722
	752
	695
	648
	738
	624
	568
	550
	540
	530
	532
	548
	525
	493
	525
	525
	492
	470
	467
	466
	472
	512
	459
	477
	490
	464
	456
	450
	450
	474
	436
	457
	452
	450
	468
	454
	422
	467
	419
	483
	475
	438
	440
	486
	441
	468
	480
	499
	471
	492
	468
	475
	456
	421
	458
	429
	421
	365
	413
	377
	351
	358
	319
	357
	311
	299
	273
	311
	312
	310
	294
	311
	335
	326
	290
	270
	271
	269
	283
	291
	266
	373
	406
	497
	628
	691
	775
	872
	887
	897
	870
	778
	682
	543
	411
	322
	272
	212
	145
	141
	148
	122
	117
	121
	172
	191
	229
	303
	368
	438
	549
	569
	682
	686
	660
	607
	549
	453
	393
	311
	215
	211
	150
	150
	141
	131
	120
	145
	212
	209
	257
	276
	330
	264
	281
	259
	242
	219
	193
	125
	108
	98
	82
	51
	49
	51
	33
	27
	23
	27
	24
	31
	28
	28
	25
	39
	30
	29
	32
	23
	23
	14
	12
	25
	20
	19
	11
	17
	15
	26
	20
	30
	24
	24
	19
	27
	21
	33
	31
	26
	35
	32
	29
	18
	26
	30
	26
	27
	30
	16
	12
	16
	20
	22
	19
	18
	21
	8
	22
	14
	6
	12
	13
	13
	21
	13
	10
	11
	13
	9
	13
	10
	10
	9
	15
	12
	13
	9
	12
	12
	9
	14
	6
	7
	8
	12
	13
	15
	19
	22
	20
	19
	14
	21
	14
	19
	16
	23
	13
	19
	15
	17
	20
	14
	25
	25
	23
	14
	16
	17
	19
	15
	23
	13
	17
	18
	6
	10
	6
	15
	8
	15
	14
	12
	6
	6
	12
	12
	15
	8
	10
	14
	14
	8
	6
	9
	10
	5
	11
	7
	7
	8
	4
	8
	7
	6
	8
	8
	4
	7
	3
	6
	5
	3
	4
	5
	1
	5
	4
	3
	5
	6
	6
	3
	4
	5
	10
	7
	2
	5
	12
	13
	12
	15
	13
	14
	17
	25
	20
	26
	27
	26
	14
	14
	18
	13
	19
	15
	13
	11
	6
	9
	8
	7
	4
	8
	3
	1
	1
	2
	3
	2
	0
	2
	1
	0
	1
	2
	2
	1
	1
	8
	2
	4
	3
	3
	5
	1
	1
	0
	0
	2
	1
	0
	2
	1
	1
	0
	1
	1
	3
	2
	1
	2
	2
	1
	0
	1
	1
	1
	1
	2
	2
	0
	2
	3
	0
	3
	1
	0
	3
	0
	3
	0
	0
	1
	0
	1
	1
	1
	4
	1
	1
	2
	0
	2
	3
	0
	0
	1
	2
	3
	2
	2
	2
	1
	2
	0
	1
	1
	1