	0
	0
	0
	242
	1879
	2206
	2539
	3234
	3921
	5050
	6311
	8171
	8855
	7971
	7603
	7164
	6688
	6568
	6473
	6284
	5914
	5783
	5461
	5153
	4972
	4557
	4448
	4294
	4099
	3996
	3785
	3753
	3608
	3637
	3428
	3332
	3271
	3135
	2982
	2723
	2543
	2325
	2296
	2233
	2045
	2045
	1902
	1885
	1809
	1663
	1678
	1607
	1543
	1605
	1542
	1408
	1378
	1395
	1240
	1190
	1187
	1096
	1073
	1069
	994
	1006
	968
	988
	920
	862
	915
	858
	859
	877
	890
	840
	853
	856
	869
	816
	845
	831
	760
	812
	737
	680
	754
	724
	696
	726
	720
	746
	733
	742
	716
	707
	730
	673
	705
	671
	608
	640
	693
	635
	617
	629
	582
	593
	598
	545
	518
	520
	516
	514
	520
	508
	489
	486
	522
	457
	485
	513
	488
	472
	455
	453
	478
	447
	445
	435
	456
	504
	507
	451
	484
	491
	497
	534
	514
	532
	486
	517
	462
	520
	452
	479
	402
	373
	404
	416
	377
	374
	381
	328
	326
	341
	358
	371
	298
	305
	352
	300
	314
	327
	322
	331
	340
	310
	332
	315
	384
	402
	450
	479
	518
	541
	568
	654
	710
	689
	701
	723
	709
	670
	600
	553
	495
	413
	355
	350
	297
	267
	260
	232
	245
	255
	258
	316
	316
	364
	453
	441
	436
	492
	526
	500
	531
	522
	498
	434
	448
	380
	353
	316
	267
	251
	237
	269
	250
	227
	214
	224
	208
	203
	195
	225
	210
	229
	183
	207
	176
	178
	139
	117
	112
	92
	69
	72
	61
	47
	51
	43
	31
	38
	30
	34
	29
	25
	25
	23
	29
	23
	25
	20
	23
	23
	22
	22
	22
	27
	22
	33
	26
	21
	21
	29
	28
	29
	27
	26
	31
	34
	28
	34
	25
	24
	25
	25
	17
	27
	24
	18
	22
	20
	22
	24
	18
	19
	26
	16
	10
	11
	14
	12
	13
	22
	7
	15
	15
	11
	12
	7
	13
	9
	10
	12
	13
	13
	14
	8
	16
	17
	10
	11
	17
	17
	15
	12
	17
	16
	14
	8
	12
	22
	20
	9
	21
	14
	13
	13
	19
	21
	15
	15
	12
	11
	20
	20
	17
	16
	23
	24
	17
	20
	10
	22
	10
	16
	14
	14
	9
	18
	19
	13
	19
	13
	19
	7
	16
	16
	3
	4
	13
	7
	6
	12
	12
	11
	7
	5
	9
	6
	8
	9
	7
	14
	4
	7
	4
	3
	13
	8
	5
	12
	7
	5
	10
	4
	5
	5
	12
	3
	9
	8
	11
	10
	13
	9
	7
	16
	6
	16
	9
	13
	9
	16
	13
	14
	18
	17
	13
	22
	18
	11
	9
	14
	14
	9
	12
	8
	8
	7
	7
	6
	11
	9
	10
	5
	3
	5
	6
	5
	3
	5
	5
	4
	2
	1
	6
	3
	3
	0
	4
	0
	1
	0
	0
	0
	0
	2
	0
	2
	0
	1
	1
	0
	1
	0
	2
	2
	0
	2
	3
	0
	2
	3
	1
	0
	1
	0
	3
	1
	0
	0
	1
	0
	1
	3
	0
	1
	1
	0
	0
	1
	2
	1
	0
	0
	0
	2
	3
	0
	0
	0
	0
	1
	0
	0
	0
	0
	0
	0
	0
	0
	0
	0
	0
	0
	0
	0
	0
	0