	0
	30
	40
	411
	2707
	3128
	4035
	5002
	6289
	7526
	9131
	12092
	13682
	11990
	11565
	10652
	10357
	10878
	9435
	9777
	9041
	8375
	7957
	7613
	7264
	6887
	6432
	6209
	6097
	5759
	5445
	5351
	5287
	5109
	5013
	4881
	4862
	4577
	4203
	3896
	3470
	3458
	3161
	3161
	2952
	2886
	2805
	2691
	2594
	2296
	2310
	2240
	2315
	2286
	2209
	2106
	1966
	1844
	1868
	1686
	1586
	1602
	1538
	1520
	1399
	1422
	1446
	1410
	1342
	1303
	1317
	1299
	1152
	1251
	1206
	1178
	1149
	1215
	1188
	1156
	1205
	1052
	1015
	963
	982
	957
	1053
	950
	1030
	1037
	1087
	1027
	1044
	1042
	996
	910
	972
	880
	871
	825
	774
	817
	768
	755
	742
	779
	684
	718
	780
	703
	781
	726
	701
	690
	695
	715
	687
	690
	706
	710
	690
	677
	718
	678
	669
	686
	667
	686
	647
	680
	679
	673
	681
	641
	687
	664
	674
	708
	707
	681
	752
	683
	674
	690
	703
	632
	590
	578
	565
	562
	509
	512
	507
	406
	490
	420
	461
	480
	464
	465
	413
	447
	468
	438
	456
	438
	437
	418
	372
	463
	411
	448
	501
	594
	726
	907
	1080
	1194
	1311
	1354
	1329
	1300
	1160
	1061
	817
	621
	481
	409
	269
	263
	208
	177
	202
	176
	212
	266
	258
	343
	448
	590
	639
	852
	972
	974
	1038
	1015
	1013
	785
	749
	641
	505
	348
	276
	234
	192
	181
	189
	219
	243
	287
	335
	403
	405
	446
	422
	439
	419
	366
	319
	283
	229
	189
	132
	93
	73
	69
	50
	44
	49
	46
	47
	48
	49
	62
	37
	43
	32
	39
	41
	38
	28
	30
	35
	36
	32
	30
	27
	31
	26
	36
	26
	24
	37
	39
	30
	42
	40
	36
	45
	36
	39
	38
	42
	45
	35
	36
	34
	38
	39
	22
	32
	24
	23
	29
	28
	22
	30
	26
	19
	21
	24
	30
	26
	15
	20
	22
	23
	10
	18
	23
	22
	20
	20
	19
	19
	9
	13
	19
	17
	17
	16
	26
	17
	12
	23
	14
	23
	25
	24
	16
	17
	29
	17
	26
	19
	21
	31
	26
	32
	34
	39
	47
	61
	66
	91
	108
	124
	81
	43
	29
	19
	19
	29
	20
	19
	35
	21
	17
	30
	19
	19
	24
	24
	18
	14
	14
	16
	10
	12
	18
	16
	13
	20
	14
	16
	14
	3
	15
	7
	13
	10
	19
	12
	10
	6
	19
	10
	12
	8
	6
	6
	7
	13
	5
	11
	6
	7
	8
	4
	5
	4
	5
	9
	6
	6
	7
	5
	7
	9
	12
	14
	13
	17
	21
	29
	19
	21
	27
	37
	35
	32
	34
	38
	23
	36
	26
	22
	24
	22
	33
	31
	35
	32
	35
	27
	16
	12
	7
	5
	3
	2
	2
	3
	1
	1
	4
	2
	0
	1
	4
	2
	2
	2
	4
	0
	0
	1
	0
	0
	2
	0
	2
	4
	2
	1
	3
	1
	4
	1
	1
	1
	5
	3
	1
	3
	0
	1
	2
	0
	1
	2
	3
	1
	1
	4
	4
	8
	8
	11
	5
	0
	0
	3
	0
	1
	2
	1
	1
	6
	1
	2
	0
	5
	2
	2
	2
	0
	0
	1
	0
	3
	0
	1
	1
	0
	3
	1
	2
	0
	1
	0
	0