	0
	0
	0
	386
	2669
	3035
	3825
	4560
	5750
	7265
	9242
	11848
	13025
	11877
	11042
	10397
	9933
	9352
	9404
	8952
	8566
	8268
	8049
	7479
	7267
	6703
	6488
	6331
	6053
	5775
	5535
	5407
	5186
	5290
	4947
	4870
	4732
	4525
	4239
	3862
	3538
	3478
	3292
	3158
	3058
	2993
	2906
	2695
	2629
	2485
	2358
	2381
	2345
	2310
	2201
	2129
	1970
	1908
	1776
	1794
	1709
	1596
	1578
	1570
	1542
	1454
	1498
	1413
	1386
	1336
	1251
	1330
	1304
	1299
	1267
	1319
	1280
	1223
	1289
	1210
	1158
	1170
	1087
	1096
	1087
	1046
	1106
	1093
	1052
	1034
	1090
	1093
	1032
	1088
	1020
	1038
	993
	974
	916
	987
	952
	972
	892
	943
	947
	856
	847
	845
	862
	764
	736
	758
	696
	773
	721
	726
	742
	677
	728
	705
	700
	711
	718
	713
	682
	704
	689
	710
	739
	734
	682
	685
	690
	715
	714
	638
	773
	752
	703
	664
	724
	710
	703
	682
	672
	655
	629
	658
	548
	582
	575
	571
	508
	524
	519
	528
	477
	492
	437
	443
	425
	429
	471
	459
	426
	500
	438
	501
	432
	512
	546
	575
	644
	683
	838
	872
	894
	984
	1039
	1045
	1060
	1102
	1020
	955
	912
	828
	655
	613
	544
	505
	414
	427
	377
	335
	371
	399
	407
	459
	486
	533
	597
	687
	702
	772
	796
	828
	742
	689
	668
	643
	606
	560
	523
	406
	389
	374
	352
	324
	338
	338
	311
	299
	356
	297
	326
	308
	341
	296
	280
	261
	257
	242
	188
	196
	154
	136
	114
	110
	84
	83
	68
	66
	50
	49
	60
	46
	29
	49
	42
	28
	36
	42
	41
	33
	48
	33
	28
	36
	41
	37
	34
	21
	37
	28
	29
	41
	43
	30
	42
	37
	40
	39
	42
	39
	39
	44
	42
	45
	32
	29
	32
	34
	35
	34
	33
	27
	26
	25
	26
	18
	21
	30
	15
	23
	10
	15
	15
	14
	24
	18
	16
	24
	14
	16
	16
	21
	9
	14
	16
	19
	23
	24
	19
	17
	22
	20
	20
	25
	25
	19
	23
	29
	19
	22
	12
	26
	16
	26
	19
	28
	29
	25
	29
	30
	26
	18
	20
	25
	19
	30
	17
	30
	24
	17
	15
	19
	20
	21
	21
	21
	18
	15
	12
	19
	15
	27
	14
	21
	19
	17
	21
	17
	15
	21
	15
	7
	8
	9
	12
	19
	10
	13
	11
	12
	5
	7
	8
	10
	13
	8
	6
	7
	14
	8
	8
	10
	11
	3
	14
	11
	6
	15
	8
	12
	15
	14
	14
	16
	12
	23
	16
	15
	13
	20
	20
	22
	15
	20
	29
	19
	16
	24
	19
	21
	27
	21
	19
	16
	22
	21
	17
	8
	13
	13
	13
	11
	13
	7
	5
	7
	5
	6
	7
	7
	3
	2
	1
	4
	4
	3
	3
	1
	0
	2
	3
	1
	1
	0
	0
	0
	2
	2
	3
	1
	2
	0
	3
	2
	2
	0
	2
	1
	1
	0
	3
	2
	1
	1
	3
	2
	1
	1
	2
	4
	1
	1
	0
	3
	0
	1
	1
	2
	1
	0
	2
	0
	2
	1
	2
	2
	1
	3
	0
	2
	0
	1
	0
	1
	0
	0
	0
	0
	0
	0
	0
	0
	0
	0
	0
	0
	0
	0