	0
	2
	0
	0
	1
	1
	1
	0
	0
	0
	2
	822
	3417
	3972
	4235
	4158
	4203
	4343
	4172
	4077
	3981
	3751
	3465
	3391
	3185
	3087
	2963
	2828
	2787
	2685
	2631
	2602
	2611
	2425
	2504
	2304
	2243
	2076
	1873
	1704
	1659
	1569
	1576
	1470
	1506
	1457
	1303
	1265
	1185
	1173
	1107
	1235
	1136
	1071
	1034
	1071
	1009
	941
	918
	844
	828
	797
	815
	727
	756
	694
	733
	655
	649
	648
	684
	655
	666
	660
	635
	650
	706
	615
	697
	640
	612
	599
	578
	575
	530
	540
	519
	551
	532
	534
	589
	543
	557
	515
	509
	471
	496
	476
	496
	435
	423
	413
	436
	427
	411
	377
	409
	403
	368
	442
	392
	371
	418
	374
	380
	375
	363
	379
	357
	378
	395
	325
	377
	343
	358
	373
	363
	346
	359
	354
	318
	346
	352
	351
	328
	370
	348
	370
	354
	384
	355
	364
	388
	339
	404
	359
	341
	337
	333
	276
	269
	284
	262
	293
	251
	249
	225
	255
	244
	234
	245
	221
	253
	224
	234
	217
	230
	234
	246
	218
	214
	237
	262
	288
	316
	396
	469
	596
	662
	721
	790
	790
	740
	608
	553
	449
	323
	266
	200
	151
	122
	89
	97
	88
	118
	109
	125
	167
	177
	230
	303
	361
	455
	519
	577
	572
	587
	563
	503
	442
	324
	283
	220
	151
	109
	111
	84
	103
	107
	113
	151
	145
	176
	190
	218
	233
	221
	224
	179
	185
	146
	132
	86
	88
	57
	45
	39
	23
	29
	22
	21
	16
	22
	19
	19
	17
	15
	16
	36
	12
	17
	23
	18
	21
	15
	14
	12
	19
	13
	18
	13
	10
	21
	6
	16
	16
	17
	21
	20
	24
	18
	21
	24
	31
	20
	20
	22
	22
	17
	6
	21
	11
	20
	15
	8
	12
	9
	16
	10
	14
	12
	8
	14
	8
	9
	16
	6
	12
	7
	7
	5
	14
	10
	4
	9
	11
	4
	7
	7
	6
	13
	11
	8
	15
	11
	6
	7
	10
	7
	7
	11
	11
	13
	10
	14
	13
	11
	16
	10
	21
	33
	22
	24
	31
	16
	18
	13
	15
	13
	16
	8
	11
	18
	9
	19
	11
	10
	9
	6
	7
	7
	3
	7
	6
	5
	5
	10
	6
	4
	12
	8
	9
	3
	7
	6
	7
	8
	9
	9
	5
	7
	4
	6
	4
	4
	5
	5
	5
	5
	5
	4
	6
	3
	7
	1
	2
	5
	3
	4
	3
	5
	2
	6
	5
	1
	1
	4
	4
	1
	7
	2
	5
	7
	3
	16
	6
	9
	9
	16
	14
	16
	24
	16
	18
	11
	20
	16
	17
	21
	15
	11
	10
	9
	7
	4
	2
	4
	4
	3
	3
	3
	0
	4
	0
	1
	1
	1
	3
	1
	1
	1
	3
	2
	0
	0
	1
	0
	0
	1
	2
	1
	1
	2
	1
	1
	2
	1
	0
	2
	2
	0
	0
	0
	3
	3
	1
	1
	1
	1
	1
	0
	0
	1
	6
	4
	0
	1
	0
	0
	0
	1
	0
	1
	1
	1
	0
	1
	0
	0
	0
	1
	2
	0
	3
	0
	1
	3
	0
	1
	1
	0
	0
	0
	0
	1
	0
	2
	0
	1
	0
	0
	1