	0
	0
	0
	0
	0
	0
	0
	0
	0
	0
	6
	1205
	3733
	4037
	4160
	4212
	4314
	4224
	3939
	3917
	3827
	3698
	3468
	3402
	3312
	3089
	2973
	2841
	2720
	2644
	2514
	2675
	2441
	2533
	2417
	2237
	2136
	2014
	1948
	1788
	1657
	1653
	1597
	1594
	1446
	1379
	1385
	1284
	1254
	1159
	1202
	1109
	1095
	1117
	1093
	1054
	988
	941
	851
	881
	825
	805
	766
	798
	764
	678
	738
	669
	707
	669
	634
	633
	617
	616
	662
	645
	675
	644
	674
	638
	652
	624
	595
	546
	536
	530
	552
	516
	568
	570
	517
	529
	551
	536
	575
	497
	509
	450
	476
	489
	509
	476
	497
	470
	491
	461
	389
	407
	372
	420
	366
	380
	406
	375
	363
	372
	374
	360
	393
	367
	361
	350
	371
	352
	377
	367
	381
	358
	358
	346
	342
	343
	340
	348
	345
	357
	355
	315
	352
	372
	383
	342
	351
	326
	323
	324
	309
	328
	330
	308
	302
	275
	252
	260
	264
	241
	228
	230
	238
	251
	238
	227
	230
	271
	240
	271
	225
	253
	257
	247
	292
	244
	315
	306
	381
	392
	465
	453
	536
	513
	517
	510
	532
	536
	487
	438
	388
	348
	319
	256
	267
	211
	191
	181
	171
	191
	231
	234
	246
	271
	319
	337
	366
	386
	395
	405
	397
	423
	419
	390
	317
	314
	263
	260
	260
	217
	194
	168
	174
	150
	155
	164
	165
	169
	149
	150
	153
	164
	142
	153
	113
	113
	114
	100
	99
	81
	70
	61
	54
	41
	53
	38
	32
	27
	18
	21
	20
	23
	17
	24
	16
	19
	20
	19
	11
	22
	14
	18
	21
	14
	12
	16
	18
	20
	15
	14
	20
	15
	15
	25
	17
	23
	17
	17
	13
	18
	15
	15
	14
	19
	13
	12
	17
	18
	13
	14
	7
	13
	11
	5
	15
	13
	6
	8
	12
	8
	8
	9
	13
	9
	3
	7
	6
	7
	11
	9
	11
	12
	19
	8
	12
	15
	13
	7
	9
	7
	10
	15
	9
	9
	16
	18
	9
	11
	9
	11
	3
	11
	13
	14
	9
	8
	11
	13
	12
	10
	6
	17
	12
	11
	15
	15
	14
	8
	8
	9
	10
	8
	4
	7
	12
	11
	10
	10
	5
	12
	8
	10
	14
	5
	7
	13
	11
	14
	6
	2
	8
	7
	3
	0
	8
	5
	5
	6
	5
	3
	7
	6
	5
	5
	4
	3
	6
	6
	7
	2
	7
	3
	2
	3
	5
	4
	4
	8
	5
	6
	7
	7
	7
	9
	6
	19
	7
	8
	8
	6
	5
	9
	16
	11
	7
	6
	9
	4
	13
	10
	18
	13
	4
	10
	8
	7
	10
	7
	7
	3
	9
	3
	4
	5
	8
	1
	1
	5
	3
	5
	1
	2
	2
	1
	1
	0
	0
	0
	3
	1
	0
	2
	0
	0
	0
	1
	0
	0
	1
	0
	1
	1
	1
	1
	0
	1
	1
	0
	2
	2
	1
	1
	0
	0
	0
	0
	0
	0
	0
	2
	0
	0
	1
	0
	0
	0
	0
	0
	2
	0
	0
	1
	2
	2
	0
	1
	0
	0
	0
	1
	3
	0
	1
	0
	1
	0
	0
	0
	0
	0
	0
	0
	0
	0
	0
	0