	0
	4
	6
	414
	2579
	3151
	4002
	4960
	6252
	8004
	9671
	12733
	14016
	12610
	11841
	10820
	10658
	10595
	9814
	9779
	9286
	8940
	8350
	8085
	7580
	7328
	6923
	6408
	6149
	5894
	5693
	5316
	5314
	5065
	4933
	4987
	4853
	4682
	4490
	3961
	3647
	3468
	3243
	3222
	3104
	3018
	2912
	2724
	2572
	2557
	2435
	2330
	2259
	2378
	2227
	2154
	2042
	1912
	1800
	1763
	1675
	1631
	1496
	1609
	1448
	1464
	1455
	1435
	1371
	1370
	1347
	1302
	1296
	1260
	1262
	1253
	1267
	1141
	1294
	1194
	1215
	1149
	1101
	1093
	1039
	1025
	1031
	1012
	1067
	1059
	1125
	1094
	1061
	1068
	1023
	998
	954
	895
	885
	808
	806
	785
	792
	782
	794
	781
	751
	754
	758
	713
	779
	739
	789
	689
	707
	749
	744
	726
	696
	716
	739
	707
	713
	725
	683
	715
	719
	720
	693
	692
	713
	726
	702
	705
	724
	692
	715
	750
	706
	770
	685
	729
	661
	665
	654
	639
	576
	579
	614
	539
	546
	582
	472
	505
	516
	520
	495
	480
	494
	479
	450
	491
	477
	485
	496
	435
	435
	403
	412
	422
	441
	492
	618
	635
	750
	949
	1123
	1301
	1401
	1427
	1375
	1317
	1194
	975
	823
	616
	436
	358
	305
	237
	188
	206
	159
	190
	215
	259
	290
	414
	482
	634
	769
	841
	968
	1034
	1018
	1011
	970
	837
	728
	578
	449
	370
	249
	220
	203
	191
	190
	241
	251
	328
	353
	410
	418
	451
	471
	413
	432
	371
	360
	262
	234
	164
	142
	110
	78
	71
	64
	44
	52
	47
	40
	55
	57
	46
	49
	43
	51
	45
	45
	36
	45
	38
	38
	31
	31
	36
	28
	36
	30
	29
	38
	43
	44
	33
	47
	37
	51
	55
	49
	58
	58
	57
	44
	56
	48
	49
	39
	42
	32
	23
	27
	34
	21
	35
	27
	34
	28
	24
	38
	26
	30
	27
	25
	19
	19
	19
	18
	20
	11
	25
	22
	35
	20
	21
	16
	30
	19
	27
	14
	19
	24
	19
	19
	22
	17
	22
	19
	25
	32
	22
	18
	22
	35
	39
	24
	32
	29
	33
	39
	28
	31
	32
	35
	28
	21
	29
	27
	23
	24
	26
	25
	16
	24
	20
	34
	22
	23
	29
	27
	21
	17
	18
	18
	27
	23
	13
	36
	18
	22
	21
	17
	19
	22
	17
	20
	15
	13
	22
	15
	12
	19
	13
	17
	10
	9
	9
	14
	10
	8
	9
	14
	9
	5
	8
	8
	8
	9
	13
	5
	7
	8
	7
	9
	6
	12
	5
	7
	6
	11
	15
	16
	26
	18
	18
	20
	21
	31
	28
	44
	35
	33
	40
	38
	30
	25
	34
	30
	30
	23
	26
	21
	11
	18
	5
	10
	16
	5
	5
	4
	8
	1
	2
	2
	3
	1
	5
	3
	4
	4
	0
	2
	3
	3
	5
	3
	4
	6
	3
	3
	4
	3
	1
	4
	3
	4
	1
	2
	1
	6
	3
	6
	6
	4
	2
	2
	4
	3
	6
	1
	2
	0
	0
	3
	4
	2
	1
	5
	1
	2
	3
	2
	2
	2
	1
	3
	1
	2
	5
	5
	2
	2
	1
	5
	5
	5
	0
	1
	1
	1
	1
	1
	0
	0
	0
	0
	0
	1
	0
	0
	0
	0
	0