	0
	0
	0
	466
	2630
	3269
	4155
	5177
	6323
	8030
	10286
	13209
	13064
	12238
	11248
	10785
	10348
	10146
	9628
	9300
	8981
	8392
	7982
	7676
	7569
	7041
	6671
	6284
	6023
	5989
	5609
	5300
	5288
	5202
	4965
	4808
	4640
	4438
	4135
	3698
	3616
	3403
	3358
	3043
	3072
	2965
	2829
	2768
	2617
	2546
	2534
	2468
	2272
	2262
	2146
	2126
	2085
	1933
	1870
	1772
	1736
	1609
	1591
	1600
	1522
	1465
	1465
	1442
	1401
	1488
	1384
	1363
	1465
	1387
	1425
	1349
	1382
	1391
	1347
	1287
	1249
	1204
	1088
	1093
	1118
	1077
	1096
	1112
	1102
	1078
	1042
	1156
	1123
	1121
	1050
	1081
	993
	983
	1056
	980
	1031
	1054
	947
	930
	875
	910
	844
	858
	805
	752
	725
	759
	769
	797
	784
	747
	772
	742
	726
	768
	764
	736
	776
	750
	712
	772
	754
	768
	770
	740
	715
	762
	764
	773
	792
	762
	718
	778
	725
	730
	696
	692
	662
	610
	688
	650
	603
	604
	537
	586
	493
	569
	549
	486
	501
	514
	496
	500
	477
	495
	471
	499
	523
	485
	511
	528
	550
	572
	660
	795
	799
	813
	969
	971
	1064
	1088
	1110
	1108
	1028
	995
	926
	815
	780
	624
	568
	531
	528
	429
	434
	384
	433
	510
	473
	535
	608
	673
	704
	763
	759
	834
	814
	808
	844
	784
	700
	679
	617
	502
	497
	447
	411
	412
	358
	303
	327
	342
	347
	344
	353
	344
	362
	336
	299
	267
	258
	289
	208
	221
	185
	150
	134
	122
	93
	77
	84
	63
	63
	64
	50
	49
	48
	39
	48
	50
	44
	43
	41
	46
	37
	31
	42
	40
	34
	38
	26
	37
	33
	33
	34
	35
	39
	50
	54
	43
	61
	42
	44
	42
	38
	40
	31
	33
	40
	36
	40
	30
	29
	28
	26
	37
	32
	31
	43
	29
	30
	21
	23
	24
	21
	24
	22
	24
	25
	17
	30
	27
	25
	24
	27
	26
	24
	26
	15
	16
	21
	19
	19
	21
	17
	23
	22
	20
	24
	25
	18
	27
	32
	32
	27
	29
	22
	31
	16
	25
	32
	25
	21
	31
	32
	19
	27
	19
	21
	30
	20
	31
	23
	22
	27
	14
	26
	19
	30
	17
	29
	17
	15
	11
	27
	16
	19
	16
	17
	22
	20
	16
	18
	20
	10
	11
	8
	11
	10
	9
	5
	15
	10
	9
	12
	5
	14
	16
	15
	12
	10
	7
	11
	10
	12
	9
	5
	17
	10
	17
	14
	15
	15
	15
	20
	20
	20
	19
	18
	18
	21
	23
	23
	16
	18
	28
	20
	29
	20
	22
	24
	24
	17
	22
	19
	21
	23
	18
	12
	8
	22
	13
	11
	9
	19
	8
	14
	9
	4
	4
	7
	5
	4
	3
	2
	7
	3
	2
	5
	7
	5
	8
	5
	1
	3
	3
	2
	5
	2
	6
	0
	2
	4
	5
	2
	1
	3
	5
	2
	6
	7
	4
	6
	2
	3
	3
	4
	4
	3
	1
	3
	2
	4
	3
	1
	2
	1
	4
	2
	1
	3
	5
	2
	2
	0
	8
	4
	5
	4
	2
	4
	4
	1
	0
	2
	4
	4
	3
	2
	6
	2
	3
	2
	3
	1
	0
	0
	0
	0
	0
	0
	0
	0
	0
	0
	0
	0
	0