	0
	0
	1
	199
	1579
	1950
	2438
	3061
	3788
	4679
	5669
	7598
	8608
	7468
	7064
	6436
	6232
	6018
	5804
	5751
	5555
	5262
	5014
	4814
	4518
	4277
	4029
	3932
	3513
	3583
	3343
	3284
	3180
	3160
	2975
	2987
	2889
	2901
	2712
	2442
	2238
	2191
	2131
	1955
	1959
	1892
	1778
	1621
	1631
	1550
	1424
	1427
	1373
	1461
	1351
	1373
	1232
	1234
	1117
	1040
	1037
	1020
	1015
	942
	908
	894
	843
	859
	880
	849
	825
	772
	743
	781
	760
	752
	742
	766
	839
	769
	695
	700
	744
	661
	669
	634
	636
	631
	694
	686
	626
	683
	661
	672
	652
	620
	580
	532
	537
	531
	502
	497
	505
	507
	465
	429
	489
	448
	515
	421
	493
	428
	464
	484
	447
	479
	490
	450
	485
	435
	448
	444
	468
	435
	421
	414
	449
	417
	419
	472
	448
	482
	425
	420
	422
	433
	483
	436
	486
	451
	440
	442
	407
	411
	388
	408
	384
	386
	310
	354
	350
	323
	312
	327
	333
	344
	329
	312
	274
	285
	279
	299
	293
	239
	270
	279
	280
	237
	259
	302
	263
	285
	330
	383
	482
	640
	682
	776
	930
	950
	902
	875
	761
	629
	524
	407
	336
	251
	189
	149
	136
	99
	104
	114
	138
	138
	181
	246
	297
	348
	437
	505
	625
	699
	687
	626
	667
	600
	466
	360
	296
	221
	193
	158
	111
	123
	107
	143
	183
	156
	213
	245
	249
	285
	300
	296
	274
	257
	202
	179
	145
	110
	91
	81
	65
	43
	36
	29
	37
	36
	23
	22
	31
	26
	34
	33
	21
	27
	33
	28
	29
	27
	23
	17
	24
	13
	20
	18
	9
	17
	22
	14
	20
	16
	18
	25
	21
	26
	21
	26
	25
	27
	28
	32
	27
	37
	28
	30
	20
	15
	20
	25
	19
	17
	20
	21
	18
	17
	13
	21
	24
	10
	11
	20
	9
	10
	14
	14
	13
	5
	15
	13
	16
	8
	9
	5
	15
	13
	9
	9
	14
	15
	9
	13
	7
	13
	8
	15
	12
	17
	12
	16
	10
	20
	8
	16
	18
	17
	19
	12
	11
	10
	16
	12
	11
	17
	20
	15
	9
	11
	17
	16
	16
	16
	14
	13
	13
	16
	11
	9
	21
	10
	13
	11
	8
	9
	6
	8
	11
	12
	8
	11
	9
	10
	6
	7
	9
	10
	5
	6
	6
	7
	10
	3
	4
	5
	11
	6
	4
	7
	4
	3
	4
	5
	3
	4
	5
	3
	8
	0
	6
	7
	6
	4
	6
	8
	8
	3
	8
	5
	12
	7
	9
	6
	7
	20
	19
	20
	11
	25
	24
	10
	21
	18
	21
	19
	10
	23
	8
	17
	16
	7
	7
	3
	7
	11
	2
	6
	2
	2
	3
	2
	1
	2
	0
	0
	4
	1
	2
	4
	3
	1
	0
	2
	1
	0
	2
	2
	1
	1
	1
	1
	1
	2
	0
	1
	0
	1
	1
	0
	2
	0
	2
	2
	1
	2
	3
	0
	0
	1
	0
	0
	2
	0
	0
	1
	1
	0
	1
	2
	2
	1
	0
	1
	1
	1
	1
	2
	1
	1
	0
	3
	1
	2
	1
	2
	1
	0
	1
	1
	1
	1
	1
	0
	1
	1
	0
	0
	0
	0
	0
	0