	0
	0
	0
	254
	1597
	1863
	2537
	2979
	3592
	4627
	5977
	7746
	8203
	7449
	6814
	6482
	6262
	6004
	5833
	5457
	5417
	5047
	4935
	4673
	4408
	4248
	3914
	3815
	3684
	3567
	3495
	3362
	3162
	3216
	3100
	3028
	2849
	2745
	2565
	2318
	2247
	2152
	2132
	2012
	1997
	1811
	1761
	1672
	1658
	1575
	1546
	1503
	1440
	1406
	1380
	1297
	1246
	1161
	1081
	1111
	1064
	978
	997
	960
	963
	962
	910
	916
	885
	869
	830
	829
	803
	809
	846
	827
	748
	848
	815
	784
	789
	768
	703
	721
	658
	682
	693
	615
	703
	684
	667
	608
	663
	609
	604
	677
	649
	598
	619
	653
	640
	579
	567
	568
	576
	503
	540
	503
	483
	504
	463
	487
	465
	471
	455
	423
	455
	439
	471
	479
	497
	460
	476
	412
	446
	451
	453
	447
	468
	460
	431
	461
	430
	475
	438
	464
	441
	463
	485
	459
	462
	418
	409
	415
	389
	374
	356
	326
	361
	352
	352
	352
	325
	314
	292
	321
	307
	322
	317
	302
	281
	284
	301
	289
	289
	296
	305
	323
	330
	347
	396
	420
	477
	514
	597
	692
	646
	670
	679
	645
	635
	619
	520
	462
	432
	381
	339
	298
	254
	272
	260
	263
	236
	305
	284
	322
	385
	413
	426
	458
	430
	483
	489
	488
	486
	451
	429
	362
	355
	340
	297
	286
	242
	212
	192
	179
	208
	216
	200
	200
	211
	193
	204
	215
	172
	174
	166
	176
	133
	127
	121
	93
	73
	86
	81
	56
	56
	39
	58
	18
	33
	30
	32
	24
	27
	21
	24
	22
	22
	17
	24
	28
	17
	16
	21
	21
	20
	23
	29
	14
	20
	30
	23
	24
	25
	17
	19
	22
	32
	19
	33
	29
	18
	26
	17
	18
	19
	23
	17
	15
	14
	18
	17
	18
	17
	17
	10
	13
	14
	15
	14
	18
	14
	15
	12
	17
	10
	11
	19
	13
	16
	11
	11
	9
	21
	12
	9
	10
	8
	8
	10
	10
	12
	16
	11
	16
	14
	14
	11
	12
	13
	15
	10
	19
	11
	17
	13
	7
	13
	19
	10
	16
	11
	19
	9
	14
	7
	11
	12
	11
	12
	11
	9
	11
	12
	17
	14
	5
	12
	4
	10
	11
	7
	11
	7
	7
	12
	6
	8
	8
	7
	5
	6
	7
	11
	4
	4
	6
	6
	11
	6
	5
	7
	10
	7
	3
	3
	4
	9
	6
	6
	5
	4
	5
	8
	8
	5
	6
	6
	5
	8
	8
	7
	13
	6
	13
	4
	13
	9
	11
	13
	15
	14
	15
	9
	9
	14
	9
	15
	8
	10
	14
	14
	11
	11
	11
	7
	6
	7
	6
	4
	11
	4
	5
	3
	0
	4
	3
	2
	3
	2
	1
	0
	1
	1
	3
	0
	2
	1
	0
	4
	0
	1
	1
	3
	1
	0
	2
	1
	2
	2
	1
	1
	0
	2
	0
	1
	1
	2
	1
	0
	1
	0
	0
	1
	0
	1
	1
	1
	1
	0
	0
	1
	0
	0
	1
	1
	2
	2
	0
	0
	3
	3
	1
	1
	1
	1
	1
	0
	0
	2
	0
	1
	1
	0
	1
	1
	0
	0
	0
	0
	0
	0
	0
	0
	0
	0
	0
	0
	0
	0
	0