	0
	10
	23
	238
	1574
	1945
	2414
	2878
	3483
	4397
	5211
	7422
	8257
	7105
	6867
	6233
	5907
	6247
	5655
	5681
	5467
	5032
	4882
	4620
	4452
	4111
	4019
	3680
	3557
	3473
	3334
	3113
	3158
	3102
	2939
	2956
	2932
	2828
	2642
	2413
	2329
	2254
	1979
	1962
	1799
	1774
	1786
	1676
	1533
	1478
	1421
	1432
	1358
	1410
	1340
	1374
	1227
	1194
	1086
	1026
	996
	939
	973
	936
	907
	938
	884
	878
	826
	787
	764
	790
	789
	707
	796
	775
	767
	764
	737
	751
	740
	735
	688
	632
	690
	630
	702
	615
	612
	651
	721
	732
	645
	656
	604
	624
	598
	549
	519
	506
	525
	512
	512
	492
	492
	509
	471
	460
	446
	494
	471
	478
	486
	462
	456
	452
	454
	470
	434
	426
	444
	462
	387
	438
	462
	450
	430
	447
	435
	447
	467
	444
	420
	459
	475
	443
	456
	459
	449
	458
	444
	430
	440
	446
	430
	394
	384
	353
	388
	317
	348
	339
	315
	304
	305
	323
	306
	283
	304
	324
	283
	302
	290
	263
	250
	274
	250
	264
	226
	276
	257
	288
	288
	413
	529
	552
	687
	795
	867
	946
	877
	828
	754
	689
	500
	421
	334
	237
	204
	164
	113
	114
	101
	91
	124
	142
	156
	232
	298
	366
	446
	530
	561
	647
	663
	645
	624
	574
	519
	398
	327
	226
	190
	165
	116
	110
	108
	124
	141
	167
	198
	210
	243
	245
	278
	295
	245
	238
	207
	166
	128
	110
	90
	76
	43
	43
	38
	37
	24
	28
	28
	31
	26
	34
	27
	30
	25
	17
	22
	31
	23
	32
	17
	18
	30
	18
	18
	15
	14
	23
	18
	16
	20
	26
	23
	25
	33
	20
	21
	31
	27
	29
	29
	30
	27
	28
	22
	28
	14
	17
	18
	17
	16
	18
	23
	20
	16
	15
	15
	16
	14
	12
	12
	22
	13
	12
	12
	13
	5
	11
	15
	20
	14
	13
	10
	9
	12
	10
	8
	9
	15
	10
	12
	10
	17
	12
	11
	12
	26
	31
	39
	40
	44
	17
	23
	16
	21
	14
	8
	25
	20
	15
	12
	20
	34
	36
	40
	44
	25
	14
	10
	18
	15
	16
	15
	13
	11
	14
	13
	9
	18
	15
	10
	4
	11
	14
	8
	10
	14
	7
	10
	7
	16
	11
	15
	8
	10
	8
	5
	8
	5
	4
	7
	7
	7
	4
	7
	8
	6
	6
	8
	6
	6
	5
	8
	3
	4
	3
	2
	7
	5
	6
	5
	6
	2
	6
	4
	4
	9
	11
	6
	12
	10
	11
	20
	24
	17
	18
	27
	19
	25
	17
	31
	18
	11
	14
	17
	24
	14
	15
	9
	12
	18
	10
	17
	8
	11
	3
	4
	1
	2
	1
	0
	1
	1
	4
	2
	0
	4
	3
	6
	8
	10
	7
	11
	10
	5
	6
	0
	0
	2
	2
	0
	4
	1
	2
	1
	1
	3
	2
	1
	4
	2
	1
	5
	0
	0
	1
	2
	1
	3
	2
	2
	1
	1
	1
	2
	3
	2
	1
	1
	3
	0
	0
	0
	0
	1
	2
	2
	3
	1
	4
	1
	2
	1
	1
	2
	2
	0
	0
	2
	0
	1
	4
	2
	1
	2
	0
	1
	0
	0
	0