	0
	0
	0
	191
	1504
	1890
	2338
	2843
	3400
	4325
	5585
	7371
	8108
	7028
	6741
	6181
	5971
	5919
	5686
	5453
	5246
	5104
	4819
	4557
	4327
	4068
	4044
	3755
	3655
	3502
	3312
	3184
	3144
	3089
	2958
	2962
	2788
	2798
	2596
	2377
	2188
	2112
	2070
	1913
	1928
	1913
	1841
	1692
	1563
	1610
	1474
	1468
	1417
	1463
	1381
	1296
	1281
	1150
	1110
	1090
	1011
	1022
	1030
	950
	969
	897
	888
	855
	916
	823
	798
	850
	774
	855
	786
	768
	824
	754
	858
	808
	750
	802
	696
	700
	652
	653
	679
	629
	685
	640
	637
	662
	696
	647
	692
	604
	611
	577
	609
	593
	584
	573
	575
	543
	569
	547
	525
	511
	478
	470
	463
	467
	455
	462
	458
	451
	435
	443
	427
	442
	450
	464
	473
	416
	419
	436
	425
	482
	434
	422
	417
	428
	435
	447
	467
	421
	420
	447
	458
	479
	411
	453
	422
	422
	418
	398
	359
	370
	359
	322
	334
	323
	340
	326
	317
	336
	290
	326
	289
	298
	320
	297
	272
	288
	292
	299
	282
	299
	317
	320
	333
	358
	400
	470
	484
	576
	563
	619
	626
	688
	640
	663
	588
	583
	540
	471
	406
	352
	290
	311
	264
	259
	263
	207
	275
	237
	287
	337
	387
	424
	447
	420
	478
	449
	476
	462
	471
	457
	387
	361
	358
	329
	280
	242
	213
	241
	232
	201
	192
	195
	222
	211
	189
	214
	210
	181
	205
	158
	146
	150
	150
	111
	119
	108
	90
	68
	74
	63
	63
	45
	30
	33
	27
	45
	22
	21
	20
	28
	27
	23
	19
	17
	29
	17
	18
	22
	24
	30
	24
	21
	24
	17
	18
	12
	17
	20
	18
	21
	17
	16
	19
	22
	24
	25
	32
	12
	22
	21
	16
	18
	9
	20
	14
	15
	20
	16
	21
	17
	12
	13
	15
	11
	13
	16
	12
	13
	11
	12
	9
	12
	6
	9
	15
	9
	11
	10
	9
	9
	11
	13
	7
	11
	10
	10
	9
	10
	7
	7
	21
	15
	11
	19
	14
	17
	7
	15
	19
	14
	12
	18
	15
	13
	20
	14
	10
	19
	17
	19
	14
	15
	10
	12
	8
	14
	18
	9
	17
	14
	11
	21
	9
	17
	8
	12
	5
	11
	10
	16
	7
	10
	6
	7
	14
	7
	10
	12
	15
	3
	8
	10
	9
	5
	8
	5
	6
	8
	5
	6
	2
	7
	2
	5
	4
	4
	4
	7
	4
	6
	13
	8
	7
	9
	6
	8
	13
	10
	8
	14
	13
	10
	6
	8
	14
	13
	11
	16
	16
	17
	7
	9
	23
	14
	14
	5
	12
	11
	11
	13
	8
	8
	15
	5
	7
	9
	8
	8
	4
	7
	3
	2
	4
	0
	0
	2
	4
	4
	2
	3
	1
	1
	3
	0
	0
	2
	0
	2
	3
	0
	0
	3
	0
	1
	0
	0
	0
	3
	3
	1
	0
	1
	4
	1
	0
	3
	2
	2
	1
	2
	2
	1
	0
	1
	0
	0
	0
	0
	1
	0
	1
	0
	1
	0
	1
	2
	2
	0
	0
	1
	1
	1
	0
	2
	1
	1
	1
	2
	1
	0
	0
	0
	0
	0
	0
	0
	0
	0
	0
	0
	0
	0
	0
	0