	0
	13
	40
	355
	2480
	3028
	3495
	4323
	5299
	6753
	7891
	10951
	12456
	10612
	10407
	9263
	8939
	9318
	8377
	8189
	8122
	7397
	7329
	6958
	6636
	6201
	6051
	5474
	5375
	5212
	4960
	4799
	4563
	4597
	4423
	4444
	4299
	4271
	4114
	3637
	3452
	3237
	3087
	2918
	2757
	2734
	2653
	2445
	2387
	2259
	2116
	2178
	2000
	2042
	2027
	1998
	1927
	1728
	1614
	1627
	1491
	1465
	1527
	1446
	1298
	1325
	1336
	1250
	1256
	1225
	1187
	1245
	1118
	1113
	1146
	1188
	1131
	1142
	1189
	1102
	1051
	1109
	1001
	1018
	985
	925
	881
	925
	989
	945
	1036
	969
	975
	975
	971
	914
	914
	843
	820
	781
	724
	731
	738
	727
	702
	676
	681
	715
	669
	704
	643
	654
	655
	682
	663
	661
	626
	626
	657
	663
	629
	692
	639
	621
	666
	623
	630
	600
	652
	667
	665
	689
	631
	644
	632
	647
	678
	679
	708
	681
	676
	644
	642
	613
	578
	530
	530
	563
	555
	535
	524
	475
	473
	473
	440
	472
	443
	449
	421
	449
	466
	416
	410
	454
	455
	356
	407
	379
	376
	383
	381
	427
	474
	531
	693
	775
	938
	1076
	1196
	1271
	1250
	1173
	1079
	908
	768
	637
	485
	380
	308
	251
	193
	160
	141
	179
	182
	216
	241
	303
	403
	513
	648
	718
	852
	909
	1014
	939
	857
	799
	674
	526
	462
	348
	258
	213
	162
	173
	160
	180
	215
	257
	305
	345
	339
	406
	417
	447
	400
	363
	301
	246
	206
	142
	134
	99
	68
	66
	50
	45
	43
	51
	46
	36
	52
	38
	43
	53
	40
	29
	43
	47
	36
	47
	41
	29
	35
	38
	20
	43
	31
	32
	31
	31
	26
	28
	27
	26
	29
	40
	36
	43
	43
	48
	39
	51
	46
	43
	35
	38
	32
	30
	31
	28
	30
	32
	27
	29
	23
	28
	22
	20
	21
	19
	18
	25
	24
	16
	24
	21
	14
	20
	20
	21
	12
	20
	25
	16
	14
	16
	23
	12
	22
	15
	24
	13
	19
	16
	20
	33
	37
	30
	34
	45
	68
	45
	49
	39
	30
	33
	25
	33
	33
	27
	18
	25
	27
	39
	48
	45
	38
	25
	18
	19
	26
	24
	19
	26
	25
	18
	22
	20
	15
	16
	25
	11
	10
	16
	21
	19
	11
	14
	18
	16
	13
	21
	16
	13
	22
	12
	20
	11
	12
	11
	12
	10
	9
	7
	9
	7
	8
	4
	5
	6
	11
	5
	13
	6
	5
	7
	3
	8
	7
	7
	4
	5
	7
	2
	10
	8
	10
	9
	7
	16
	9
	21
	20
	22
	28
	24
	26
	32
	40
	36
	32
	34
	18
	35
	30
	24
	26
	17
	17
	15
	16
	22
	24
	16
	14
	8
	2
	7
	5
	3
	5
	5
	2
	2
	2
	7
	2
	5
	11
	4
	12
	17
	13
	12
	3
	2
	1
	1
	6
	3
	0
	4
	0
	4
	5
	0
	4
	0
	5
	3
	4
	4
	3
	1
	1
	7
	0
	1
	6
	1
	2
	1
	4
	4
	3
	0
	2
	2
	3
	2
	2
	4
	1
	1
	2
	1
	2
	1
	4
	0
	0
	0
	1
	0
	0
	1
	2
	2
	2
	1
	0
	2
	0
	1
	1
	0
	3
	2
	1
	0
