	0
	0
	0
	275
	2406
	2749
	3411
	4254
	5174
	6458
	8088
	10708
	11809
	10581
	10019
	9314
	9078
	8558
	8245
	8075
	7842
	7516
	7348
	6788
	6462
	6165
	5866
	5696
	5306
	5127
	4957
	4736
	4749
	4692
	4515
	4322
	4416
	4134
	3938
	3626
	3429
	3356
	3072
	2896
	2769
	2654
	2527
	2505
	2360
	2256
	2245
	2183
	2203
	2019
	2063
	1923
	1827
	1783
	1646
	1619
	1604
	1513
	1429
	1444
	1465
	1430
	1350
	1359
	1291
	1304
	1239
	1162
	1239
	1155
	1250
	1232
	1161
	1199
	1198
	1217
	1088
	1071
	1102
	1035
	1037
	992
	1018
	975
	955
	941
	976
	998
	971
	980
	942
	923
	946
	879
	873
	868
	894
	866
	881
	886
	819
	751
	755
	787
	744
	742
	642
	705
	709
	730
	677
	624
	644
	651
	661
	673
	641
	637
	642
	663
	645
	627
	635
	656
	634
	631
	680
	650
	690
	711
	645
	677
	685
	714
	691
	660
	682
	669
	652
	633
	564
	615
	585
	568
	519
	573
	546
	528
	478
	473
	500
	486
	448
	435
	398
	484
	458
	435
	476
	410
	454
	436
	434
	446
	454
	489
	473
	459
	573
	619
	692
	755
	802
	904
	868
	939
	938
	988
	853
	881
	874
	735
	640
	610
	585
	483
	409
	373
	345
	356
	339
	392
	362
	432
	494
	568
	559
	606
	684
	726
	709
	705
	682
	671
	667
	584
	522
	501
	462
	396
	340
	351
	299
	287
	308
	299
	284
	285
	275
	287
	278
	288
	293
	280
	259
	234
	199
	232
	178
	158
	150
	132
	98
	94
	87
	74
	57
	56
	42
	47
	46
	33
	34
	42
	31
	40
	26
	40
	38
	43
	41
	37
	28
	28
	26
	28
	27
	36
	26
	36
	36
	24
	26
	42
	29
	36
	37
	30
	42
	25
	43
	36
	38
	32
	31
	36
	21
	24
	22
	31
	23
	27
	21
	18
	23
	19
	19
	10
	11
	23
	22
	17
	16
	15
	26
	18
	21
	9
	22
	15
	12
	16
	13
	11
	11
	17
	18
	14
	22
	20
	26
	20
	25
	12
	17
	22
	16
	22
	18
	23
	24
	29
	30
	23
	13
	26
	20
	28
	19
	33
	16
	22
	20
	24
	18
	18
	18
	26
	28
	23
	17
	17
	18
	18
	20
	15
	20
	13
	18
	8
	17
	14
	15
	11
	14
	11
	7
	15
	12
	14
	9
	14
	7
	9
	8
	7
	15
	12
	6
	7
	12
	8
	5
	5
	7
	9
	9
	5
	7
	7
	4
	15
	9
	12
	6
	2
	6
	5
	3
	10
	7
	17
	7
	18
	17
	14
	17
	16
	16
	16
	12
	22
	20
	20
	14
	22
	17
	25
	15
	13
	16
	12
	19
	16
	13
	15
	11
	13
	11
	12
	11
	8
	8
	13
	3
	11
	6
	5
	2
	3
	5
	5
	5
	5
	2
	4
	2
	2
	1
	2
	5
	1
	0
	1
	1
	1
	2
	0
	0
	1
	3
	1
	3
	1
	1
	1
	3
	3
	2
	0
	3
	2
	2
	2
	1
	2
	1
	4
	0
	2
	1
	0
	4
	1
	0
	0
	3
	2
	1
	2
	1
	0
	1
	0
	0
	2
	2
	1
	2
	1
	0
	0
	1
	0
	0
	0
	0
	0
	0
	0
	0
	0
	0
	0
	0
	0
	0
	0