	0
	0
	0
	0
	0
	0
	0
	0
	0
	0
	2
	607
	3060
	3775
	3970
	4247
	4284
	4346
	4391
	4460
	4456
	4356
	4431
	4220
	4197
	4245
	4010
	4047
	4152
	4181
	4214
	4685
	4903
	5024
	5088
	4923
	4820
	4521
	4393
	4296
	4089
	4074
	3909
	4070
	3833
	3934
	3833
	3767
	3742
	3721
	3594
	3798
	3538
	3557
	3644
	3488
	3383
	3432
	3462
	3388
	3385
	3367
	3333
	3340
	3300
	3364
	3215
	3291
	3270
	3179
	3332
	3178
	3069
	3158
	3127
	3229
	3300
	3245
	3190
	3254
	3223
	3191
	3292
	3225
	3234
	3266
	3242
	3143
	3130
	3197
	3124
	3268
	3203
	3186
	3342
	3247
	3161
	3224
	3168
	3296
	3251
	3286
	3239
	3128
	3325
	3364
	3330
	3246
	3231
	3181
	3271
	3374
	3417
	3294
	3367
	3355
	3390
	3366
	3418
	3469
	3390
	3537
	3565
	3617
	3578
	3558
	3623
	3826
	3703
	3796
	3765
	3690
	3743
	3689
	3794
	3927
	3831
	3875
	3734
	3923
	3754
	3785
	3711
	3668
	3444
	3241
	3066
	3169
	2919
	2810
	2686
	2767
	2646
	2591
	2488
	2546
	2539
	2433
	2417
	2498
	2533
	2410
	2317
	2442
	2258
	2175
	2109
	1961
	1855
	1880
	1902
	2118
	2507
	3256
	4510
	5878
	7932
	9646
	11601
	13123
	14008
	13722
	12845
	11124
	9119
	7248
	5353
	3706
	2522
	1796
	1292
	1002
	829
	789
	914
	1071
	1503
	2057
	2929
	3869
	5344
	6987
	8357
	9595
	10808
	11111
	10951
	10277
	8965
	7684
	6164
	4662
	3412
	2484
	1781
	1297
	1017
	833
	769
	698
	668
	674
	684
	664
	642
	693
	693
	679
	633
	644
	654
	588
	562
	581
	594
	551
	570
	592
	523
	550
	531
	547
	574
	588
	549
	535
	531
	497
	564
	525
	514
	529
	533
	496
	535
	474
	457
	507
	505
	466
	497
	503
	479
	442
	512
	466
	483
	464
	467
	467
	454
	431
	472
	429
	442
	482
	436
	447
	412
	453
	434
	413
	422
	400
	417
	386
	453
	418
	419
	403
	402
	403
	402
	393
	366
	386
	381
	374
	407
	364
	401
	429
	404
	357
	380
	371
	387
	373
	358
	379
	400
	339
	372
	351
	358
	355
	361
	372
	353
	395
	366
	344
	373
	367
	377
	350
	368
	331
	338
	361
	353
	325
	316
	359
	346
	316
	350
	355
	374
	375
	355
	352
	354
	351
	371
	360
	345
	365
	385
	373
	335
	370
	366
	366
	368
	364
	351
	367
	330
	299
	278
	296
	243
	248
	204
	209
	195
	179
	138
	123
	108
	119
	101
	91
	98
	85
	72
	67
	61
	66
	52
	50
	42
	46
	57
	78
	90
	88
	135
	133
	189
	238
	265
	365
	425
	512
	565
	686
	738
	791
	722
	811
	775
	760
	696
	653
	560
	488
	436
	325
	275
	197
	187
	131
	102
	73
	58
	37
	31
	23
	11
	11
	8
	5
	7
	9
	9
	5
	3
	2
	5
	1
	5
	4
	5
	0
	5
	2
	2
	2
	1
	2
	2
	2
	1
	1
	4
	2
	1
	3
	1
	2
	2
	2
	3
	1
	1
	2
	0
	2
	2
	2
	1
	2
	2
	1
	1
	0
	2
	1
	1
	0
	1
	2
	1
	0
	1
	1
	1
	1
	3
	0
	0
	0
	2
	0
	0
	0
	1
	2
	1
	2
	0
	1
	1
	0
	0
	0
	0
	0
	2
	0
	1
	1
	0
	1
	0
	0
	0
	0
	1
	0