	0
	0
	0
	0
	0
	0
	0
	0
	0
	0
	2
	983
	3006
	3448
	3636
	3728
	3814
	3874
	3728
	3738
	3715
	3723
	3719
	3574
	3542
	3589
	3489
	3541
	3571
	3449
	3660
	3924
	4230
	4173
	4347
	4023
	4043
	3821
	3633
	3605
	3519
	3373
	3399
	3271
	3278
	3201
	3041
	3109
	3002
	2886
	2850
	2888
	2865
	2921
	2715
	2730
	2708
	2744
	2722
	2644
	2615
	2585
	2625
	2558
	2607
	2591
	2420
	2564
	2472
	2537
	2480
	2559
	2456
	2348
	2441
	2435
	2448
	2463
	2455
	2517
	2487
	2522
	2475
	2395
	2413
	2425
	2437
	2460
	2405
	2477
	2390
	2453
	2491
	2441
	2408
	2399
	2494
	2406
	2453
	2384
	2441
	2398
	2425
	2383
	2523
	2529
	2449
	2414
	2542
	2561
	2530
	2494
	2524
	2604
	2541
	2584
	2547
	2614
	2578
	2609
	2601
	2608
	2693
	2605
	2711
	2731
	2824
	2799
	2707
	2711
	2719
	2791
	2830
	2730
	2815
	2720
	2870
	2810
	2845
	2778
	2905
	2878
	2811
	2666
	2710
	2658
	2581
	2520
	2391
	2242
	2124
	2046
	1985
	1975
	1929
	1762
	1784
	1819
	1805
	1637
	1760
	1699
	1802
	1715
	1699
	1756
	1800
	1929
	1818
	2094
	2210
	2492
	2773
	3326
	3818
	4547
	5404
	6024
	6794
	7513
	7946
	8071
	8057
	7644
	6989
	6289
	5288
	4466
	3596
	2843
	2235
	1867
	1602
	1491
	1541
	1606
	1848
	2129
	2571
	3048
	3530
	4313
	4962
	5399
	5989
	6231
	6420
	6286
	5989
	5809
	5244
	4469
	3830
	3119
	2510
	2037
	1544
	1177
	1023
	826
	656
	583
	484
	431
	428
	366
	355
	380
	374
	350
	353
	298
	328
	297
	288
	284
	303
	295
	330
	279
	262
	289
	265
	324
	294
	295
	298
	299
	256
	254
	284
	290
	257
	249
	262
	260
	254
	270
	241
	249
	226
	251
	219
	218
	259
	227
	215
	249
	231
	222
	238
	243
	230
	202
	239
	215
	189
	218
	218
	208
	217
	200
	193
	207
	195
	199
	198
	212
	195
	226
	193
	192
	178
	203
	193
	213
	187
	199
	192
	206
	200
	183
	181
	177
	199
	182
	198
	202
	200
	167
	189
	188
	173
	195
	181
	178
	188
	211
	158
	200
	160
	185
	176
	181
	199
	208
	172
	156
	189
	177
	164
	168
	167
	169
	176
	167
	192
	177
	174
	160
	198
	188
	163
	191
	167
	184
	174
	176
	172
	180
	182
	173
	162
	157
	155
	155
	163
	170
	149
	134
	112
	121
	115
	112
	97
	96
	91
	83
	91
	66
	72
	50
	57
	40
	33
	42
	41
	36
	47
	50
	59
	53
	63
	77
	68
	81
	118
	122
	133
	164
	168
	219
	184
	233
	288
	297
	277
	283
	285
	289
	312
	295
	277
	278
	293
	244
	193
	181
	147
	132
	127
	106
	83
	51
	55
	59
	32
	27
	18
	17
	9
	15
	12
	6
	9
	5
	3
	6
	2
	5
	5
	0
	0
	3
	0
	2
	3
	1
	2
	0
	2
	2
	1
	0
	1
	0
	0
	1
	0
	1
	0
	1
	0
	3
	0
	1
	0
	0
	0
	1
	0
	0
	1
	0
	0
	2
	3
	0
	1
	1
	0
	0
	3
	0
	2
	0
	2
	1
	1
	0
	1
	1
	2
	0
	1
	1
	0
	1
	1
	1
	0
	0
	0
	0
	0
	0
	0
	0
	1
	0
	1
	0
	0
	0
	0
	0
	0
	0
	0
	0
	0
	0