	0
	0
	0
	0
	0
	0
	0
	0
	0
	0
	0
	53
	165
	161
	178
	191
	201
	208
	181
	198
	212
	215
	218
	211
	211
	224
	223
	242
	228
	208
	206
	192
	219
	185
	201
	198
	199
	177
	174
	160
	155
	171
	167
	171
	170
	164
	149
	140
	149
	132
	139
	119
	117
	110
	94
	97
	105
	103
	76
	99
	87
	80
	70
	67
	73
	69
	76
	72
	63
	77
	85
	92
	112
	201
	283
	364
	434
	569
	559
	562
	530
	389
	298
	213
	137
	63
	55
	45
	27
	28
	23
	25
	24
	21
	17
	30
	25
	26
	22
	28
	22
	22
	23
	19
	19
	24
	23
	20
	21
	24
	18
	18
	17
	28
	11
	12
	18
	22
	12
	17
	21
	18
	17
	18
	27
	18
	21
	15
	13
	23
	20
	21
	21
	10
	22
	26
	22
	18
	21
	19
	16
	17
	24
	14
	25
	26
	23
	26
	26
	30
	26
	23
	16
	16
	19
	21
	22
	16
	17
	17
	18
	14
	11
	15
	8
	9
	7
	9
	8
	3
	9
	3
	8
	3
	5
	5
	3
	6
	7
	6
	5
	8
	8
	12
	18
	13
	17
	26
	32
	27
	43
	47
	50
	62
	72
	69
	62
	70
	70
	71
	55
	64
	36
	40
	28
	33
	26
	16
	9
	15
	5
	4
	9
	3
	5
	5
	1
	4
	2
	4
	1
	3
	1
	3
	3
	4
	4
	3
	1
	1
	0
	2
	2
	4
	0
	1
	1
	1
	0
	2
	0
	0
	2
	0
	0
	0
	0
	1
	1
	1
	0
	0
	0
	0
	0
	1
	1
	0
	0
	0
	2
	0
	0
	0
	0
	0
	1
	0
	0
	0
	2
	0
	0
	1
	0
	0
	1
	1
	0
	0
	0
	1
	1
	0
	0
	0
	0
	1
	0
	0
	0
	0
	1
	1
	1
	0
	0
	0
	0
	0