	0
	0
	0
	0
	0
	0
	0
	0
	0
	0
	0
	139
	472
	500
	570
	551
	601
	623
	648
	588
	651
	597
	629
	618
	622
	653
	705
	698
	668
	628
	641
	621
	625
	586
	636
	590
	589
	559
	598
	617
	658
	665
	655
	668
	666
	687
	695
	652
	639
	583
	454
	399
	318
	245
	206
	168
	159
	132
	129
	113
	116
	95
	113
	112
	101
	87
	114
	99
	133
	189
	318
	543
	995
	1612
	2675
	3853
	5195
	6183
	6838
	6767
	6031
	4879
	3576
	2434
	1438
	769
	412
	191
	74
	34
	23
	16
	12
	9
	14
	9
	13
	10
	12
	11
	14
	15
	15
	13
	14
	11
	13
	9
	15
	12
	12
	14
	13
	9
	10
	10
	12
	14
	11
	11
	13
	9
	9
	7
	13
	9
	10
	9
	15
	7
	12
	7
	11
	12
	12
	8
	10
	11
	10
	6
	17
	13
	8
	10
	9
	10
	5
	16
	8
	11
	9
	10
	7
	7
	6
	9
	13
	10
	10
	4
	4
	8
	5
	8
	11
	4
	2
	2
	5
	3
	4
	3
	5
	4
	4
	4
	1
	4
	2
	2
	2
	5
	5
	7
	6
	6
	13
	13
	10
	14
	11
	22
	30
	31
	21
	37
	28
	26
	45
	35
	32
	22
	17
	24
	10
	9
	9
	9
	4
	5
	1
	5
	6
	6
	1
	1
	1
	3
	2
	1
	1
	1
	1
	1
	2
	1
	1
	3
	2
	3
	3
	1
	2
	1
	0
	1
	1
	0
	1
	0
	1
	2
	1
	1
	1
	1
	1
	1
	1
	0
	0
	1
	1
	1
	0
	0
	0
	0
	0
	0
	1
	0
	0
	0
	0
	0
	0
	2
	1
	2
	0
	1
	0
	2
	3
	4
	0
	1
	0
	0
	3
	1
	1
	1
	2
	1
	1
	2
	0
	0
	0
	0
	0
	0
	0
	0
	0
	0
	0
	0