	0
	0
	0
	0
	0
	0
	0
	0
	0
	0
	0
	81
	423
	515
	487
	581
	572
	624
	629
	605
	642
	596
	630
	602
	646
	692
	706
	715
	679
	638
	599
	586
	631
	626
	596
	595
	557
	550
	522
	596
	614
	589
	665
	644
	678
	659
	690
	696
	672
	630
	514
	409
	322
	294
	218
	181
	173
	152
	135
	116
	106
	111
	92
	91
	100
	84
	80
	106
	82
	90
	116
	166
	375
	864
	1915
	3528
	5382
	7345
	8630
	8701
	7373
	5233
	3117
	1523
	647
	211
	46
	25
	16
	16
	16
	12
	15
	18
	15
	18
	12
	8
	11
	17
	12
	9
	9
	18
	10
	9
	18
	16
	15
	15
	7
	14
	15
	10
	13
	14
	9
	13
	9
	15
	8
	11
	10
	13
	6
	10
	4
	14
	8
	10
	12
	7
	10
	7
	7
	9
	15
	12
	14
	12
	9
	9
	7
	12
	9
	6
	13
	9
	9
	9
	9
	6
	10
	12
	8
	15
	11
	8
	14
	4
	9
	11
	10
	5
	13
	4
	5
	3
	5
	1
	3
	3
	4
	0
	1
	3
	1
	3
	3
	2
	0
	0
	5
	1
	4
	3
	3
	7
	5
	5
	13
	35
	19
	22
	43
	39
	39
	37
	37
	35
	20
	14
	19
	9
	10
	2
	2
	2
	2
	3
	1
	2
	1
	1
	1
	3
	5
	1
	1
	1
	3
	1
	3
	2
	3
	2
	2
	2
	2
	3
	3
	3
	2
	0
	3
	2
	0
	2
	1
	0
	1
	2
	0
	2
	1
	4
	0
	2
	1
	0
	1
	0
	0
	2
	1
	1
	1
	0
	0
	0
	0
	0
	0
	1
	0
	0
	1
	1
	1
	0
	1
	0
	1
	0
	1
	0
	1
	2
	1
	1
	1
	0
	1
	1
	1
	1
	2
	1
	0
	1
	0
	0
	0
	1
	0
	0
	0
	0
	0
	0