	0
	0
	0
	0
	0
	0
	0
	0
	0
	0
	0
	32
	146
	170
	158
	170
	213
	216
	212
	225
	218
	211
	189
	210
	200
	233
	226
	221
	219
	222
	234
	203
	201
	209
	201
	213
	168
	171
	196
	194
	186
	182
	148
	165
	171
	188
	160
	157
	153
	141
	142
	122
	116
	98
	108
	95
	88
	95
	92
	89
	76
	84
	85
	77
	68
	58
	65
	58
	58
	57
	66
	45
	65
	129
	182
	342
	456
	650
	695
	738
	564
	435
	291
	112
	58
	35
	36
	24
	27
	23
	32
	29
	25
	24
	25
	18
	19
	21
	20
	25
	25
	31
	22
	23
	17
	22
	23
	24
	25
	18
	18
	27
	25
	22
	18
	22
	18
	20
	12
	25
	18
	23
	23
	16
	28
	13
	21
	15
	17
	11
	19
	16
	20
	23
	24
	20
	29
	18
	19
	19
	15
	23
	24
	27
	16
	17
	19
	18
	34
	16
	21
	24
	26
	23
	17
	18
	21
	19
	10
	20
	13
	12
	17
	14
	11
	6
	9
	13
	4
	6
	2
	10
	3
	5
	5
	8
	0
	5
	4
	7
	2
	2
	8
	1
	6
	8
	10
	10
	13
	27
	35
	51
	61
	68
	103
	118
	97
	88
	76
	70
	67
	54
	47
	27
	26
	8
	8
	8
	1
	4
	0
	1
	2
	0
	1
	3
	3
	1
	3
	2
	1
	3
	3
	3
	3
	6
	5
	3
	1
	5
	2
	2
	4
	0
	1
	0
	1
	1
	0
	1
	0
	1
	0
	1
	1
	4
	2
	0
	0
	0
	1
	1
	0
	1
	0
	1
	0
	0
	0
	2
	0
	1
	1
	0
	0
	0
	0
	0
	0
	1
	0
	1
	0
	0
	1
	0
	0
	1
	0
	1
	1
	0
	0
	0
	0
	0
	0
	0
	0
	0
	0
	0
	1
	0
	0
	0
	0
	0
	0
	0