17	1387
18	1389
19	1379
20	1379
21	1290
22	1251
23	1213
24	1153
25	1193
26	1179
27	1120
28	1166
29	1076
30	1039
31	1078
32	1081
33	1062
34	974
35	1015
36	1039
37	1031
38	956
39	986
40	951
41	987
42	951
43	947
44	909
45	976
46	1089
47	1034
48	1160
49	1112
50	1073
51	1079
52	1199
53	1130
54	1207
55	1237
56	1185
57	1279
58	1254
59	1285
60	1249
61	1188
62	1114
63	1141
64	1179
65	1099
66	1086
67	1049
68	1108
69	1043
70	1051
71	1034
72	992
73	914
74	949
75	977
76	903
77	947
78	902
79	882
80	888
81	914
82	860
83	812
84	853
85	854
86	841
87	868
88	809
89	802
90	840
91	798
92	801
93	814
94	823
95	845
96	777
97	784
98	779
99	816
100	765
101	784
102	831
103	932
104	1015
105	1122
106	995
107	851
108	739
109	744
110	746
111	727
112	695
113	738
114	708
115	708
116	810
117	825
118	832
119	769
120	793
121	747
122	726
123	693
124	710
125	721
126	678
127	707
128	690
129	667
130	737
131	679
132	737
133	720
134	731
135	707
136	716
137	741
138	723
139	727
140	721
141	690
142	698
143	713
144	675
145	674
146	686
147	690
148	736
149	704
150	676
151	718
152	713
153	718
154	701
155	661
156	688
157	678
158	648
159	661
160	690
161	670
162	698
163	678
164	654
165	645
166	687
167	660
168	657
169	669
170	682
171	713
172	685
173	644
174	666
175	714
176	670
177	722
178	661
179	608
180	676
181	704
182	681
183	663
184	721
185	703
186	674
187	629
188	637
189	693
190	709
191	671
192	708
193	680
194	730
195	660
196	663
197	733
198	692
199	737
200	764
201	755
202	692
203	691
204	675
205	704
206	673
207	641
208	701
209	682
210	651
211	692
212	718
213	672
214	663
215	731
216	675
217	684
218	704
219	639
220	607
221	696
222	679
223	660
224	658
225	660
226	680
227	698
228	714
229	694
230	685
231	702
232	688
233	670
234	660
235	708
236	647
237	672
238	650
239	656
240	670
241	708
242	621
243	661
244	674
245	725
246	655
247	700
248	669
249	713
250	674
251	660
252	690
253	687
254	648
255	731
256	740
257	660
258	715
259	668
260	680
261	707
262	703
263	708
264	694
265	671
266	711
267	660
268	706
269	763
270	768
271	787
272	698
273	715
274	689
275	699
276	696
277	752
278	711
279	690
280	717
281	741
282	723
283	715
284	724
285	710
286	736
287	727
288	702
289	720
290	695
291	705
292	744
293	749
294	754
295	745
296	733
297	778
298	779
299	759
300	722
301	751
302	747
303	765
304	794
305	717
306	736
307	714
308	730
309	792
310	811
311	769
312	824
313	795
314	780
315	724
316	776
317	792
318	912
319	888
320	932
321	800
322	815
323	767
324	809
325	762
326	852
327	856
328	873
329	881
330	890
331	835
332	830
333	797
334	857
335	808
336	831
337	852
338	883
339	820
340	825
341	857
342	836
343	852
344	895
345	907
346	880
347	911
348	793
349	819
350	803
351	867
352	890
353	868
354	880
355	818
356	935
357	897
358	861
359	907
360	883
361	885
362	877
363	873
364	874
365	842
366	862
367	928
368	899
369	920
370	904
371	936
372	904
373	963
374	935
375	935
376	828
377	951
378	916
379	892
380	990
381	955
382	958
383	918
384	966
385	990
386	931
387	942
388	892
389	953
390	918
391	989
392	1038
393	1068
394	1064
395	1103
396	1075
397	1044
398	996
399	1060
400	950
401	973
402	971
403	999
404	1016
405	1078
406	1057
407	941
408	987
409	995
410	890
411	1009
412	1005
413	1024
414	1073
415	1020
416	990
417	989
418	1016
419	1066
420	1004
421	1054
422	1061
423	1005
424	1086
425	1065
426	1050
427	1104
428	1041
429	1046
430	1030
431	1086
432	1102
433	1126
434	1094
435	1120
436	1063
437	1085
438	1004
439	1072
440	1107
441	1100
442	1163
443	1117
444	1166
445	1099
446	1074
447	1098
448	1143
449	1127
450	1139
451	1147
452	1140
453	1219
454	1161
455	1109
456	1161
457	1103
458	1123
459	1131
460	1101
461	1179
462	1157
463	1154
464	1099
465	1207
466	1102
467	1137
468	1149
469	1131
470	1146
471	1202
472	1225
473	1173
474	1112
475	1177
476	1177
477	1169
478	1123
479	1098
480	1220
481	1207
482	1211
483	1177
484	1213
485	1221
486	1130
487	1187
488	1176
489	1184
490	1241
491	1199
492	1198
493	1228
494	1239
495	1194
496	1183
497	1202
498	1205
499	1158
500	1253
501	1213
502	1189
503	1194
504	1154
505	1241
506	1233
507	1191
508	1220
509	1209
510	1246
511	1186
512	1280
513	1270
514	1198
515	1265
516	1260
517	1184
518	1265
519	1245
520	1193
521	1201
522	1229
523	1224
524	1159
525	1217
526	1226
527	1233
528	1239
529	1196
530	1190
531	1286
532	1281
533	1258
534	1233
535	1208
536	1301
537	1240
538	1226
539	1222
540	1197
541	1273
542	1251
543	1229
544	1254
545	1243
546	1181
547	1234
548	1265
549	1165
550	1334
551	1202
552	1293
553	1144
554	1305
555	1210
556	1209
557	1162
558	1239
559	1251
560	1226
561	1277
562	1218
563	1229
564	1243
565	1266
566	1212
567	1286
568	1181
569	1332
570	1246
571	1210
572	1208
573	1241
574	1208
575	1190
576	1176
577	1243
578	1257
579	1211
580	1294
581	1272
582	1223
583	1210
584	1196
585	1253
586	1250
587	1223
588	1226
589	1228
590	1237
591	1196
592	1244
593	1195
594	1252
595	1247
596	1198
597	1197
598	1192
599	1192
600	1201
601	1187
602	1218
603	1125
604	1210
605	1177
606	1170
607	1211
608	1166
609	1216
610	1222
611	1211
612	1274
613	1277
614	1211
615	1254
616	1172
617	1227
618	1245
619	1255
620	1209
621	1160
622	1205
623	1157
624	1167
625	1226
626	1160
627	1156
628	1190
629	1247
630	1234
631	1236
632	1187
633	1189
634	1164
635	1198
636	1158
637	1199
638	1166
639	1235
640	1199
641	1161
642	1163
643	1148
644	1237
645	1157
646	1141
647	1117
648	1173
649	1209
650	1194
651	1194
652	1214
653	1215
654	1185
655	1148
656	1190
657	1119
658	1152
659	1188
660	1166
661	1130
662	1159
663	1167
664	1175
665	1171
666	1120
667	1146
668	1182
669	1153
670	1171
671	1180
672	1132
673	1121
674	1106
675	1098
676	1124
677	1200
678	1160
679	1208
680	1136
681	1110
682	1194
683	1113
684	1139
685	1195
686	1145
687	1136
688	1116
689	1115
690	1115
691	1127
692	1117
693	1108
694	1097
695	1157
696	1061
697	1156
698	1182
699	1117
700	1132
701	1081
702	1086
703	1123
704	1110
705	1198
706	1069
707	1093
708	1113
709	1066
710	1134
711	1102
712	1138
713	1030
714	1023
715	1110
716	1102
717	1132
718	1140
719	1108
720	1067
721	1074
722	1079
723	1026
724	1059
725	1063
726	1075
727	1093
728	1038
729	1049
730	1064
731	1099
732	1099
733	1077
734	1020
735	1088
736	1052
737	1106
738	1082
739	1081
740	1029
741	1104
742	1040
743	1094
744	1058
745	1053
746	1026
747	1031
748	1054
749	1079
750	1023
751	1025
752	1064
753	1036
754	1031
755	1033
756	1058
757	994
758	1013
759	1022
760	1015
761	1046
762	1052
763	1115
764	1096
765	1046
766	1027
767	1000
768	1037
769	1022
770	1040
771	1062
772	1044
773	1003
774	1054
775	966
776	1009
777	975
778	1035
779	1010
780	1011
781	1016
782	1019
783	1019
784	1033
785	993
786	1009
787	1048
788	1113
789	1095
790	1087
791	1080
792	977
793	953
794	940
795	955
796	1004
797	997
798	933
799	989
800	956
801	953
802	933
803	946
804	933
805	970
806	986
807	951
808	898
809	943
810	931
811	986
812	924
813	921
814	938
815	982
816	1010
817	909
818	917
819	932
820	946
821	916
822	926
823	943
824	928
825	952
826	953
827	887
828	914
829	944
830	948
831	898
832	972
833	858
834	910
835	945
836	900
837	960
838	929
839	887
840	879
841	916
842	927
843	867
844	991
845	914
846	846
847	857
848	897
849	884
850	933
851	893
852	900
853	849
854	893
855	902
856	892
857	896
858	860
859	874
860	897
861	887
862	891
863	904
864	873
865	858
866	832
867	880
868	893
869	868
870	819
871	908
872	891
873	877
874	832
875	781
876	814
877	858
878	856
879	846
880	844
881	855
882	848
883	848
884	828
885	895
886	872
887	841
888	923
889	868
890	865
891	819
892	883
893	860
894	879
895	847
896	835
897	906
898	871
899	850
900	822
901	870
902	864
903	847
904	821
905	840
906	820
907	797
908	815
909	821
910	797
911	837
912	861
913	834
914	753
915	811
916	841
917	841
918	814
919	802
920	762
921	813
922	849
923	790
924	830
925	817
926	772
927	816
928	834
929	779
930	784
931	757
932	769
933	788
934	720
935	792
936	789
937	751
938	811
939	808
940	779
941	792
942	747
943	776
944	743
945	751
946	796
947	771
948	756
949	792
950	806
951	745
952	727
953	767
954	705
955	834
956	758
957	743
958	753
959	740
960	755
961	774
962	692
963	755
964	728
965	772
966	731
967	716
968	797
969	707
970	779
971	731
972	700
973	752
974	694
975	738
976	763
977	732
978	736
979	687
980	793
981	714
982	726
983	716
984	695
985	713
986	705
987	724
988	750
989	661
990	786
991	683
992	699
993	742
994	700
995	710
996	709
997	690
998	720
999	722
1000	653
1001	713
1002	710
1003	699
1004	699
1005	697
1006	667
1007	701
1008	690
1009	696
1010	828
1011	902
1012	910
1013	868
1014	798
1015	685
1016	693
1017	657
1018	615
1019	724
1020	596
1021	653
1022	703
1023	652
1024	717
1025	664
1026	695
1027	729
1028	695
1029	687
1030	659
1031	681
1032	702
1033	684
1034	653
1035	661
1036	638
1037	698
1038	700
1039	624
1040	632
1041	697
1042	658
1043	658
1044	677
1045	639
1046	617
1047	629
1048	600
1049	645
1050	620
1051	585
1052	663
1053	642
1054	602
1055	655
1056	637
1057	647
1058	648
1059	633
1060	603
1061	599
1062	602
1063	639
1064	612
1065	607
1066	662
1067	628
1068	605
1069	555
1070	623
1071	559
1072	591
1073	582
1074	646
1075	615
1076	609
1077	651
1078	542
1079	609
1080	591
1081	626
1082	647
1083	647
1084	577
1085	561
1086	614
1087	622
1088	584
1089	616
1090	577
1091	625
1092	610
1093	598
1094	585
1095	589
1096	601
1097	614
1098	600
1099	573
1100	588
1101	596
1102	598
1103	567
1104	586
1105	594
1106	596
1107	555
1108	582
1109	552
1110	542
1111	583
1112	561
1113	605
1114	599
1115	567
1116	570
1117	570
1118	546
1119	574
1120	550
1121	597
1122	591
1123	542
1124	583
1125	588
1126	546
1127	603
1128	588
1129	549
1130	563
1131	590
1132	543
1133	498
1134	548
1135	561
1136	606
1137	581
1138	565
1139	556
1140	551
1141	576
1142	547
1143	560
1144	512
1145	577
1146	551
1147	544
1148	526
1149	530
1150	520
1151	529
1152	555
1153	576
1154	513
1155	529
1156	535
1157	514
1158	547
1159	512
1160	547
1161	496
1162	520
1163	546
1164	516
1165	526
1166	526
1167	544
1168	553
1169	507
1170	514
1171	562
1172	570
1173	486
1174	524
1175	506
1176	528
1177	536
1178	514
1179	508
1180	513
1181	510
1182	496
1183	565
1184	493
1185	511
1186	507
1187	509
1188	503
1189	553
1190	501
1191	515
1192	472
1193	518
1194	522
1195	519
1196	505
1197	479
1198	535
1199	498
1200	466
1201	486
1202	501
1203	512
1204	518
1205	476
1206	504
1207	460
1208	481
1209	522
1210	482
1211	475
1212	504
1213	463
1214	466
1215	475
1216	465
1217	469
1218	508
1219	478
1220	486
1221	497
1222	484
1223	518
1224	523
1225	470
1226	432
1227	463
1228	449
1229	477
1230	468
1231	491
1232	466
1233	487
1234	488
1235	486
1236	453
1237	472
1238	472
1239	510
1240	492
1241	451
1242	484
1243	468
1244	432
1245	473
1246	475
1247	465
1248	482
1249	546
1250	503
1251	538
1252	534
1253	511
1254	520
1255	510
1256	420
1257	498
1258	463
1259	452
1260	452
1261	447
1262	443
1263	464
1264	468
1265	423
1266	425
1267	462
1268	475
1269	493
1270	496
1271	447
1272	461
1273	462
1274	451
1275	485
1276	436
1277	445
1278	461
1279	450
1280	464
1281	446
1282	472
1283	468
1284	486
1285	446
1286	459
1287	455
1288	446
1289	449
1290	408
1291	440
1292	435
1293	487
1294	413
1295	423
1296	461
1297	439
1298	451
1299	455
1300	451
1301	467
1302	406
1303	414
1304	456
1305	447
1306	438
1307	438
1308	442
1309	410
1310	422
1311	419
1312	426
1313	467
1314	423
1315	402
1316	403
1317	412
1318	429
1319	395
1320	440
1321	445
1322	448
1323	426
1324	390
1325	375
1326	402
1327	382
1328	444
1329	427
1330	433
1331	450
1332	463
1333	401
1334	412
1335	415
1336	441
1337	416
1338	414
1339	403
1340	418
1341	460
1342	428
1343	417
1344	399
1345	428
1346	379
1347	409
1348	409
1349	446
1350	417
1351	432
1352	430
1353	448
1354	413
1355	408
1356	423
1357	419
1358	395
1359	385
1360	391
1361	411
1362	420
1363	437
1364	415
1365	399
1366	374
1367	422
1368	422
1369	398
1370	426
1371	377
1372	392
1373	396
1374	394
1375	399
1376	382
1377	376
1378	383
1379	386
1380	396
1381	387
1382	394
1383	363
1384	419
1385	405
1386	367
1387	387
1388	386
1389	392
1390	369
1391	437
1392	376
1393	410
1394	407
1395	415
1396	345
1397	374
1398	391
1399	359
1400	393
1401	410
1402	381
1403	405
1404	363
1405	400
1406	382
1407	357
1408	349
1409	425
1410	395
1411	388
1412	384
1413	343
1414	404
1415	338
1416	379
1417	358
1418	369
1419	349
1420	399
1421	339
1422	392
1423	372
1424	349
1425	410
1426	409
1427	379
1428	367
1429	406
1430	395
1431	377
1432	400
1433	375
1434	403
1435	416
1436	362
1437	360
1438	372
1439	370
1440	347
1441	345
1442	344
1443	386
1444	337
1445	402
1446	353
1447	366
1448	394
1449	374
1450	366
1451	369
1452	369
1453	340
1454	336
1455	352
1456	359
1457	362
1458	324
1459	353
1460	356
1461	370
1462	325
1463	358
1464	329
1465	364
1466	329
1467	365
1468	376
1469	337
1470	361
1471	315
1472	355
1473	340
1474	347
1475	374
1476	331
1477	368
1478	304
1479	379
1480	371
1481	392
1482	377
1483	314
1484	318
1485	352
1486	355
1487	322
1488	396
1489	401
1490	440
1491	454
1492	452
1493	465
1494	387
1495	353
1496	355
1497	332
1498	314
1499	312
1500	344
1501	358
1502	375
1503	314
1504	332
1505	362
1506	367
1507	366
1508	342
1509	351
1510	351
1511	323
1512	327
1513	335
1514	318
1515	338
1516	313
1517	341
1518	329
1519	347
1520	322
1521	307
1522	350
1523	334
1524	301
1525	314
1526	333
1527	370
1528	342
1529	309
1530	323
1531	321
1532	355
1533	326
1534	338
1535	319
1536	327
1537	302
1538	339
1539	312
1540	361
1541	311
1542	333
1543	303
1544	290
1545	318
1546	310
1547	294
1548	304
1549	338
1550	315
1551	293
1552	301
1553	345
1554	311
1555	321
1556	278
1557	302
1558	330
1559	348
1560	321
1561	287
1562	297
1563	312
1564	321
1565	325
1566	327
1567	300
1568	322
1569	324
1570	311
1571	292
1572	285
1573	291
1574	328
1575	341
1576	338
1577	300
1578	289
1579	292
1580	292
1581	300
1582	299
1583	291
1584	290
1585	342
1586	323
1587	298
1588	316
1589	270
1590	322
1591	317
1592	291
1593	297
1594	318
1595	317
1596	330
1597	285
1598	282
1599	326
1600	290
1601	281
1602	316
1603	305
1604	290
1605	317
1606	287
1607	306
1608	284
1609	315
1610	260
1611	285
1612	270
1613	283
1614	302
1615	295
1616	294
1617	314
1618	305
1619	294
1620	300
1621	299
1622	291
1623	274
1624	302
1625	290
1626	291
1627	277
1628	286
1629	291
1630	275
1631	258
1632	275
1633	286
1634	295
1635	278
1636	310
1637	260
1638	263
1639	233
1640	263
1641	303
1642	282
1643	239
1644	315
1645	257
1646	328
1647	298
1648	264
1649	309
1650	251
1651	265
1652	301
1653	276
1654	267
1655	269
1656	275
1657	255
1658	262
1659	290
1660	271
1661	305
1662	233
1663	283
1664	242
1665	286
1666	283
1667	257
1668	280
1669	277
1670	260
1671	261
1672	309
1673	234
1674	254
1675	255
1676	273
1677	252
1678	288
1679	252
1680	262
1681	299
1682	279
1683	268
1684	295
1685	272
1686	241
1687	281
1688	261
1689	278
1690	252
1691	247
1692	256
1693	264
1694	267
1695	270
1696	271
1697	264
1698	251
1699	253
1700	250
1701	271
1702	293
1703	274
1704	275
1705	234
1706	260
1707	240
1708	263
1709	258
1710	289
1711	270
1712	247
1713	253
1714	255
1715	288
1716	273
1717	252
1718	277
1719	226
1720	262
1721	255
1722	272
1723	252
1724	251
1725	291
1726	254
1727	245
1728	268
1729	261
1730	253
1731	272
1732	268
1733	300
1734	256
1735	271
1736	252
1737	250
1738	265
1739	247
1740	259
1741	249
1742	283
1743	260
1744	247
1745	249
1746	270
1747	247
1748	250
1749	270
1750	261
1751	279
1752	236
1753	272
1754	262
1755	244
1756	223
1757	286
1758	248
1759	255
1760	249
1761	264
1762	255
1763	241
1764	228
1765	239
1766	273
1767	258
1768	273
1769	250
1770	272
1771	280
1772	277
1773	238
1774	254
1775	259
1776	250
1777	250
1778	227
1779	253
1780	264
1781	236
1782	236
1783	278
1784	241
1785	264
1786	246
1787	248
1788	242
1789	247
1790	257
1791	242
1792	229
1793	216
1794	256
1795	236
1796	235
1797	217
1798	235
1799	264
1800	211
1801	272
1802	254
1803	234
1804	274
1805	241
1806	246
1807	232
1808	221
1809	244
1810	252
1811	253
1812	241
1813	254
1814	236
1815	234
1816	226
1817	225
1818	226
1819	222
1820	242
1821	273
1822	264
1823	280
1824	254
1825	265
1826	243
1827	233
1828	221
1829	227
1830	217
1831	222
1832	250
1833	236
1834	217
1835	241
1836	231
1837	244
1838	235
1839	234
1840	230
1841	225
1842	211
1843	253
1844	238
1845	240
1846	251
1847	259
1848	223
1849	264
1850	234
1851	201
1852	228
1853	243
1854	256
1855	252
1856	203
1857	241
1858	203
1859	278
1860	259
1861	225
1862	233
1863	215
1864	220
1865	222
1866	238
1867	262
1868	232
1869	237
1870	206
1871	220
1872	220
1873	237
1874	249
1875	227
1876	224
1877	218
1878	234
1879	200
1880	220
1881	202
1882	237
1883	201
1884	236
1885	249
1886	217
1887	210
1888	218
1889	204
1890	226
1891	223
1892	213
1893	200
1894	251
1895	217
1896	228
1897	204
1898	242
1899	198
1900	237
1901	227
1902	226
1903	225
1904	211
1905	226
1906	206
1907	212
1908	221
1909	228
1910	221
1911	214
1912	205
1913	232
1914	185
1915	228
1916	252
1917	194
1918	219
1919	199
1920	192
1921	218
1922	235
1923	200
1924	235
1925	209
1926	198
1927	224
1928	218
1929	180
1930	223
1931	214
1932	245
1933	205
1934	206
1935	200
1936	240
1937	182
1938	209
1939	241
1940	204
1941	201
1942	202
1943	223
1944	224
1945	212
1946	198
1947	214
1948	219
1949	215
1950	217
1951	204
1952	226
1953	209
1954	227
1955	198
1956	212
1957	189
1958	227
1959	224
1960	217
1961	213
1962	207
1963	233
1964	228
1965	219
1966	219
1967	189
1968	198
1969	179
1970	195
1971	209
1972	214
1973	202
1974	207
1975	211
1976	220
1977	191
1978	224
1979	206
1980	198
1981	197
1982	198
1983	215
1984	200
1985	201
1986	210
1987	177
1988	198
1989	203
1990	193
1991	206
1992	192
1993	207
1994	232
1995	197
1996	203
1997	191
1998	194
1999	213
2000	203
2001	190
2002	182
2003	194
2004	214
2005	217
2006	201
2007	194
2008	219
2009	193
2010	189
2011	210
2012	204
2013	227
2014	178
2015	208
2016	210
2017	211
2018	196
2019	200
2020	203
2021	196
2022	210
2023	217
2024	191
2025	188
2026	205
2027	228
2028	204
2029	194
2030	196
2031	206
2032	188
2033	208
2034	209
2035	209
2036	206
2037	213
2038	184
2039	208
2040	216
2041	190
2042	212
2043	179
2044	198
2045	196
2046	185
2047	205
2048	195
2049	210
2050	202
2051	191
2052	190
2053	194
2054	175
2055	184
2056	214
2057	193
2058	173
2059	208
2060	173
2061	187
2062	198
2063	188
2064	194
2065	171
2066	185
2067	174
2068	205
2069	194
2070	189
2071	195
2072	181
2073	189
2074	195
2075	210
2076	212
2077	190
2078	187
2079	186
2080	177
2081	182
2082	192
2083	198
2084	198
2085	214
2086	184
2087	183
2088	200
2089	171
2090	210
2091	204
2092	174
2093	195
2094	182
2095	186
2096	162
2097	162
2098	181
2099	180
2100	175
2101	184
2102	208
2103	200
2104	201
2105	174
2106	187
2107	214
2108	180
2109	196
2110	177
2111	188
2112	200
2113	191
2114	181
2115	185
2116	184
2117	185
2118	194
2119	197
2120	158
2121	189
2122	183
2123	171
2124	199
2125	176
2126	177
2127	170
2128	194
2129	193
2130	182
2131	173
2132	186
2133	195
2134	206
2135	180
2136	170
2137	187
2138	202
2139	192
2140	188
2141	185
2142	178
2143	179
2144	218
2145	199
2146	195
2147	186
2148	206
2149	209
2150	243
2151	279
2152	260
2153	303
2154	307
2155	344
2156	384
2157	469
2158	471
2159	531
2160	592
2161	622
2162	687
2163	635
2164	675
2165	601
2166	610
2167	582
2168	542
2169	495
2170	407
2171	369
2172	351
2173	274
2174	273
2175	257
2176	257
2177	235
2178	216
2179	188
2180	178
2181	177
2182	196
2183	186
2184	191
2185	192
2186	176
2187	169
2188	170
2189	172
2190	194
2191	154
2192	182
2193	172
2194	198
2195	157
2196	175
2197	169
2198	164
2199	157
2200	184
2201	201
2202	171
2203	177
2204	173
2205	149
2206	170
2207	197
2208	167
2209	153
2210	168
2211	144
2212	171
2213	158
2214	147
2215	144
2216	151
2217	153
2218	180
2219	164
2220	183
2221	163
2222	163
2223	171
2224	141
2225	172
2226	172
2227	167
2228	154
2229	170
2230	175
2231	162
2232	132
2233	158
2234	178
2235	154
2236	162
2237	170
2238	153
2239	194
2240	157
2241	161
2242	177
2243	175
2244	173
2245	162
2246	164
2247	171
2248	171
2249	158
2250	149
2251	140
2252	177
2253	134
2254	165
2255	178
2256	184
2257	166
2258	167
2259	159
2260	163
2261	182
2262	170
2263	136
2264	152
2265	133
2266	166
2267	161
2268	164
2269	160
2270	184
2271	182
2272	170
2273	164
2274	153
2275	164
2276	172
2277	144
2278	168
2279	155
2280	169
2281	150
2282	137
2283	163
2284	182
2285	159
2286	135
2287	172
2288	162
2289	149
2290	163
2291	141
2292	156
2293	153
2294	149
2295	150
2296	153
2297	152
2298	168
2299	168
2300	168
2301	160
2302	161
2303	152
2304	131
2305	141
2306	167
2307	161
2308	130
2309	151
2310	152
2311	157
2312	165
2313	142
2314	137
2315	155
2316	165
2317	162
2318	150
2319	143
2320	157
2321	143
2322	135
2323	157
2324	148
2325	139
2326	138
2327	170
2328	146
2329	179
2330	144
2331	152
2332	177
2333	151
2334	158
2335	147
2336	142
2337	146
2338	156
2339	164
2340	129
2341	151
2342	158
2343	175
2344	155
2345	150
2346	143
2347	139
2348	157
2349	141
2350	161
2351	128
2352	141
2353	141
2354	165
2355	166
2356	137
2357	149
2358	162
2359	150
2360	142
2361	127
2362	144
2363	153
2364	160
2365	146
2366	152
2367	127
2368	157
2369	142
2370	159
2371	137
2372	145
2373	139
2374	141
2375	170
2376	132
2377	145
2378	150
2379	139
2380	165
2381	151
2382	154
2383	161
2384	123
2385	137
2386	135
2387	158
2388	169
2389	152
2390	153
2391	142
2392	154
2393	155
2394	157
2395	130
2396	114
2397	148
2398	141
2399	140
2400	140
2401	132
2402	167
2403	110
2404	122
2405	139
2406	153
2407	149
2408	156
2409	170
2410	155
2411	133
2412	155
2413	146
2414	143
2415	131
2416	118
2417	154
2418	147
2419	155
2420	139
2421	132
2422	130
2423	153
2424	136
2425	140
2426	138
2427	146
2428	126
2429	129
2430	132
2431	165
2432	151
2433	151
2434	141
2435	139
2436	162
2437	164
2438	131
2439	122
2440	151
2441	146
2442	128
2443	144
2444	141
2445	137
2446	147
2447	149
2448	139
2449	137
2450	153
2451	129
2452	122
2453	170
2454	162
2455	154
2456	157
2457	140
2458	138
2459	141
2460	127
2461	134
2462	137
2463	138
2464	147
2465	158
2466	165
2467	173
2468	197
2469	209
2470	217
2471	165
2472	156
2473	165
2474	155
2475	126
2476	132
2477	120
2478	132
2479	123
2480	147
2481	159
2482	139
2483	134
2484	143
2485	147
2486	131
2487	145
2488	116
2489	143
2490	126
2491	143
2492	144
2493	132
2494	122
2495	128
2496	136
2497	127
2498	126
2499	136
2500	142
2501	146
2502	156
2503	143
2504	132
2505	153
2506	126
2507	140
2508	144
2509	104
2510	146
2511	136
2512	157
2513	164
2514	147
2515	135
2516	127
2517	135
2518	151
2519	138
2520	136
2521	133
2522	131
2523	117
2524	145
2525	117
2526	156
2527	127
2528	128
2529	124
2530	150
2531	131
2532	138
2533	146
2534	131
2535	144
2536	143
2537	131
2538	144
2539	134
2540	124
2541	133
2542	125
2543	111
2544	131
2545	156
2546	125
2547	134
2548	103
2549	128
2550	126
2551	119
2552	125
2553	118
2554	119
2555	150
2556	152
2557	146
2558	149
2559	144
2560	131
2561	126
2562	144
2563	138
2564	133
2565	148
2566	164
2567	133
2568	132
2569	145
2570	152
2571	134
2572	123
2573	131
2574	134
2575	137
2576	185
2577	213
2578	259
2579	251
2580	276
2581	228
2582	212
2583	168
2584	133
2585	136
2586	122
2587	103
2588	132
2589	123
2590	119
2591	143
2592	145
2593	123
2594	116
2595	133
2596	127
2597	120
2598	134
2599	133
2600	111
2601	149
2602	146
2603	123
2604	108
2605	116
2606	119
2607	125
2608	142
2609	117
2610	108
2611	123
2612	126
2613	122
2614	120
2615	112
2616	140
2617	122
2618	131
2619	131
2620	114
2621	125
2622	135
2623	131
2624	119
2625	130
2626	117
2627	123
2628	120
2629	112
2630	142
2631	99
2632	125
2633	132
2634	153
2635	141
2636	124
2637	132
2638	128
2639	118
2640	133
2641	129
2642	106
2643	124
2644	126
2645	147
2646	115
2647	133
2648	131
2649	131
2650	131
2651	128
2652	122
2653	115
2654	111
2655	117
2656	112
2657	143
2658	113
2659	93
2660	118
2661	120
2662	107
2663	112
2664	116
2665	116
2666	134
2667	110
2668	120
2669	134
2670	135
2671	120
2672	123
2673	119
2674	135
2675	111
2676	140
2677	112
2678	123
2679	97
2680	124
2681	128
2682	120
2683	138
2684	107
2685	127
2686	137
2687	116
2688	121
2689	142
2690	148
2691	120
2692	115
2693	135
2694	108
2695	125
2696	127
2697	122
2698	122
2699	97
2700	145
2701	125
2702	117
2703	131
2704	103
2705	139
2706	124
2707	135
2708	129
2709	121
2710	133
2711	133
2712	127
2713	134
2714	117
2715	106
2716	120
2717	116
2718	112
2719	125
2720	128
2721	111
2722	122
2723	112
2724	115
2725	110
2726	120
2727	122
2728	116
2729	113
2730	126
2731	109
2732	122
2733	128
2734	107
2735	104
2736	133
2737	107
2738	110
2739	111
2740	152
2741	115
2742	126
2743	119
2744	126
2745	127
2746	95
2747	112
2748	104
2749	116
2750	120
2751	106
2752	134
2753	103
2754	120
2755	116
2756	112
2757	109
2758	115
2759	121
2760	136
2761	130
2762	101
2763	125
2764	118
2765	106
2766	108
2767	113
2768	126
2769	101
2770	130
2771	106
2772	115
2773	132
2774	127
2775	125
2776	101
2777	98
2778	121
2779	93
2780	103
2781	128
2782	112
2783	99
2784	102
2785	114
2786	96
2787	108
2788	112
2789	120
2790	108
2791	109
2792	110
2793	117
2794	114
2795	95
2796	121
2797	110
2798	112
2799	108
2800	126
2801	117
2802	129
2803	117
2804	114
2805	118
2806	122
2807	122
2808	95
2809	112
2810	114
2811	101
2812	119
2813	115
2814	122
2815	111
2816	110
2817	122
2818	110
2819	106
2820	114
2821	107
2822	102
2823	108
2824	104
2825	103
2826	110
2827	111
2828	105
2829	114
2830	120
2831	122
2832	103
2833	107
2834	102
2835	119
2836	101
2837	91
2838	126
2839	121
2840	117
2841	122
2842	87
2843	103
2844	119
2845	100
2846	103
2847	109
2848	111
2849	116
2850	112
2851	104
2852	106
2853	98
2854	108
2855	110
2856	138
2857	113
2858	106
2859	122
2860	104
2861	91
2862	130
2863	124
2864	125
2865	108
2866	92
2867	108
2868	108
2869	88
2870	92
2871	112
2872	102
2873	100
2874	107
2875	104
2876	98
2877	102
2878	96
2879	105
2880	131
2881	113
2882	105
2883	108
2884	104
2885	95
2886	100
2887	115
2888	115
2889	109
2890	116
2891	120
2892	116
2893	105
2894	106
2895	100
2896	100
2897	99
2898	100
2899	117
2900	116
2901	132
2902	96
2903	102
2904	101
2905	92
2906	80
2907	102
2908	104
2909	114
2910	117
2911	121
2912	97
2913	114
2914	100
2915	99
2916	94
2917	102
2918	110
2919	100
2920	104
2921	114
2922	108
2923	125
2924	114
2925	111
2926	120
2927	106
2928	98
2929	122
2930	100
2931	116
2932	108
2933	112
2934	113
2935	121
2936	102
2937	103
2938	108
2939	103
2940	101
2941	134
2942	109
2943	114
2944	89
2945	100
2946	93
2947	115
2948	114
2949	111
2950	102
2951	119
2952	97
2953	97
2954	83
2955	99
2956	100
2957	113
2958	110
2959	102
2960	109
2961	111
2962	92
2963	99
2964	109
2965	111
2966	121
2967	109
2968	103
2969	116
2970	92
2971	101
2972	128
2973	90
2974	112
2975	86
2976	113
2977	100
2978	113
2979	118
2980	114
2981	106
2982	93
2983	111
2984	104
2985	130
2986	91
2987	91
2988	115
2989	120
2990	105
2991	101
2992	95
2993	115
2994	104
2995	102
2996	107
2997	81
2998	118
2999	100
3000	106
3001	122
3002	82
3003	108
3004	103
3005	94
3006	112
3007	97
3008	106
3009	109
3010	109
3011	101
3012	89
3013	101
3014	101
3015	112
3016	95
3017	102
3018	108
3019	119
3020	90
3021	84
3022	123
3023	103
3024	106
3025	93
3026	84
3027	94
3028	80
3029	115
3030	101
3031	104
3032	110
3033	92
3034	104
3035	104
3036	108
3037	117
3038	101
3039	92
3040	119
3041	94
3042	94
3043	110
3044	88
3045	90
3046	111
3047	104
3048	104
3049	117
3050	84
3051	87
3052	99
3053	85
3054	96
3055	95
3056	109
3057	107
3058	104
3059	99
3060	86
3061	114
3062	86
3063	100
3064	89
3065	107
3066	87
3067	109
3068	94
3069	108
3070	107
3071	94
3072	107
3073	92
3074	96
3075	102
3076	126
3077	113
3078	105
3079	92
3080	113
3081	106
3082	115
3083	85
3084	90
3085	114
3086	102
3087	116
3088	101
3089	99
3090	101
3091	98
3092	84
3093	97
3094	109
3095	92
3096	91
3097	88
3098	75
3099	86
3100	114
3101	99
3102	102
3103	91
3104	93
3105	101
3106	99
3107	95
3108	99
3109	97
3110	107
3111	91
3112	99
3113	87
3114	91
3115	113
3116	100
3117	105
3118	100
3119	93
3120	90
3121	99
3122	105
3123	75
3124	88
3125	99
3126	81
3127	106
3128	77
3129	79
3130	90
3131	94
3132	101
3133	100
3134	106
3135	97
3136	93
3137	110
3138	95
3139	84
3140	81
3141	90
3142	105
3143	97
3144	86
3145	81
3146	96
3147	80
3148	93
3149	90
3150	109
3151	92
3152	85
3153	94
3154	90
3155	106
3156	103
3157	77
3158	112
3159	93
3160	88
3161	97
3162	93
3163	78
3164	96
3165	101
3166	89
3167	92
3168	92
3169	104
3170	88
3171	94
3172	118
3173	97
3174	100
3175	84
3176	98
3177	83
3178	87
3179	81
3180	83
3181	96
3182	72
3183	81
3184	99
3185	83
3186	104
3187	81
3188	106
3189	81
3190	81
3191	95
3192	80
3193	92
3194	93
3195	92
3196	89
3197	90
3198	98
3199	87
3200	110
3201	83
3202	100
3203	82
3204	95
3205	98
3206	95
3207	99
3208	88
3209	75
3210	90
3211	86
3212	66
3213	78
3214	100
3215	87
3216	98
3217	90
3218	81
3219	102
3220	84
3221	89
3222	90
3223	86
3224	93
3225	104
3226	104
3227	85
3228	92
3229	60
3230	82
3231	78
3232	84
3233	78
3234	91
3235	93
3236	102
3237	84
3238	77
3239	74
3240	107
3241	85
3242	93
3243	88
3244	85
3245	110
3246	97
3247	82
3248	80
3249	89
3250	95
3251	101
3252	86
3253	102
3254	100
3255	104
3256	79
3257	88
3258	102
3259	98
3260	78
3261	90
3262	86
3263	89
3264	93
3265	95
3266	87
3267	79
3268	85
3269	92
3270	88
3271	99
3272	98
3273	86
3274	88
3275	91
3276	85
3277	94
3278	78
3279	100
3280	79
3281	84
3282	83
3283	87
3284	87
3285	91
3286	87
3287	96
3288	86
3289	83
3290	91
3291	97
3292	86
3293	83
3294	95
3295	71
3296	91
3297	98
3298	99
3299	87
3300	78
3301	78
3302	70
3303	102
3304	74
3305	84
3306	84
3307	72
3308	80
3309	78
3310	81
3311	98
3312	89
3313	105
3314	78
3315	85
3316	93
3317	92
3318	82
3319	85
3320	93
3321	71
3322	87
3323	67
3324	105
3325	96
3326	104
3327	93
3328	92
3329	88
3330	87
3331	86
3332	95
3333	84
3334	77
3335	96
3336	94
3337	88
3338	84
3339	76
3340	83
3341	81
3342	77
3343	85
3344	89
3345	78
3346	74
3347	92
3348	80
3349	70
3350	76
3351	83
3352	78
3353	74
3354	85
3355	83
3356	78
3357	89
3358	102
3359	86
3360	67
3361	80
3362	73
3363	75
3364	92
3365	93
3366	100
3367	99
3368	77
3369	79
3370	87
3371	88
3372	78
3373	92
3374	79
3375	74
3376	88
3377	81
3378	79
3379	88
3380	89
3381	83
3382	83
3383	72
3384	87
3385	78
3386	77
3387	79
3388	80
3389	88
3390	96
3391	77
3392	78
3393	83
3394	66
3395	73
3396	81
3397	101
3398	85
3399	69
3400	84
3401	82
3402	84
3403	98
3404	73
3405	80
3406	81
3407	83
3408	87
3409	72
3410	90
3411	95
3412	86
3413	81
3414	73
3415	79
3416	68
3417	82
3418	90
3419	82
3420	79
3421	82
3422	90
3423	73
3424	74
3425	77
3426	88
3427	74
3428	75
3429	85
3430	88
3431	86
3432	91
3433	79
3434	72
3435	83
3436	76
3437	86
3438	80
3439	74
3440	79
3441	79
3442	85
3443	74
3444	81
3445	77
3446	89
3447	74
3448	85
3449	76
3450	71
3451	73
3452	67
3453	85
3454	73
3455	75
3456	73
3457	75
3458	73
3459	76
3460	88
3461	94
3462	63
3463	81
3464	75
3465	84
3466	71
3467	59
3468	89
3469	61
3470	78
3471	75
3472	88
3473	87
3474	79
3475	84
3476	80
3477	92
3478	81
3479	79
3480	93
3481	63
3482	91
3483	88
3484	68
3485	86
3486	61
3487	76
3488	81
3489	58
3490	79
3491	63
3492	74
3493	80
3494	83
3495	75
3496	87
3497	79
3498	75
3499	78
3500	58
3501	73
3502	60
3503	65
3504	85
3505	72
3506	71
3507	91
3508	86
3509	69
3510	86
3511	66
3512	80
3513	86
3514	87
3515	77
3516	88
3517	72
3518	76
3519	76
3520	71
3521	90
3522	73
3523	86
3524	87
3525	82
3526	59
3527	73
3528	77
3529	71
3530	81
3531	67
3532	90
3533	81
3534	75
3535	101
3536	78
3537	83
3538	87
3539	67
3540	67
3541	73
3542	77
3543	78
3544	71
3545	68
3546	86
3547	70
3548	81
3549	69
3550	85
3551	91
3552	77
3553	75
3554	80
3555	80
3556	81
3557	94
3558	90
3559	85
3560	77
3561	76
3562	89
3563	69
3564	71
3565	75
3566	74
3567	75
3568	74
3569	76
3570	76
3571	81
3572	70
3573	66
3574	73
3575	80
3576	74
3577	92
3578	74
3579	53
3580	90
3581	89
3582	98
3583	107
3584	97
3585	93
3586	106
3587	107
3588	82
3589	72
3590	93
3591	71
3592	85
3593	73
3594	71
3595	73
3596	67
3597	86
3598	69
3599	64
3600	76
3601	76
3602	86
3603	77
3604	89
3605	88
3606	88
3607	64
3608	66
3609	91
3610	66
3611	76
3612	69
3613	75
3614	86
3615	84
3616	83
3617	71
3618	84
3619	58
3620	73
3621	84
3622	84
3623	76
3624	65
3625	59
3626	70
3627	65
3628	74
3629	69
3630	73
3631	74
3632	73
3633	70
3634	56
3635	93
3636	80
3637	79
3638	73
3639	62
3640	76
3641	87
3642	73
3643	71
3644	94
3645	78
3646	82
3647	74
3648	79
3649	92
3650	81
3651	65
3652	88
3653	78
3654	86
3655	74
3656	77
3657	60
3658	56
3659	64
3660	77
3661	55
3662	90
3663	76
3664	81
3665	76
3666	79
3667	77
3668	61
3669	70
3670	68
3671	82
3672	73
3673	67
3674	68
3675	68
3676	68
3677	82
3678	77
3679	90
3680	83
3681	59
3682	61
3683	68
3684	60
3685	87
3686	76
3687	67
3688	57
3689	70
3690	76
3691	71
3692	70
3693	78
3694	80
3695	84
3696	84
3697	74
3698	64
3699	61
3700	89
3701	66
3702	65
3703	75
3704	72
3705	75
3706	70
3707	62
3708	65
3709	75
3710	62
3711	71
3712	83
3713	70
3714	66
3715	64
3716	60
3717	61
3718	86
3719	73
3720	74
3721	71
3722	68
3723	72
3724	77
3725	67
3726	84
3727	63
3728	85
3729	62
3730	78
3731	75
3732	71
3733	64
3734	88
3735	76
3736	72
3737	84
3738	65
3739	69
3740	75
3741	88
3742	70
3743	64
3744	87
3745	67
3746	64
3747	74
3748	86
3749	80
3750	72
3751	61
3752	81
3753	79
3754	86
3755	75
3756	75
3757	60
3758	67
3759	76
3760	79
3761	65
3762	69
3763	70
3764	73
3765	57
3766	67
3767	63
3768	75
3769	61
3770	61
3771	78
3772	71
3773	55
3774	64
3775	64
3776	72
3777	54
3778	71
3779	81
3780	70
3781	58
3782	67
3783	61
3784	79
3785	79
3786	67
3787	96
3788	72
3789	76
3790	77
3791	73
3792	63
3793	60
3794	80
3795	76
3796	81
3797	67
3798	59
3799	66
3800	61
3801	75
3802	66
3803	56
3804	69
3805	61
3806	76
3807	83
3808	61
3809	75
3810	48
3811	59
3812	72
3813	64
3814	76
3815	86
3816	74
3817	61
3818	62
3819	72
3820	62
3821	74
3822	74
3823	69
3824	88
3825	63
3826	60
3827	80
3828	61
3829	82
3830	56
3831	69
3832	61
3833	62
3834	74
3835	72
3836	79
3837	83
3838	76
3839	55
3840	55
3841	73
3842	76
3843	64
3844	67
3845	63
3846	68
3847	64
3848	51
3849	62
3850	69
3851	77
3852	98
3853	88
3854	109
3855	116
3856	144
3857	135
3858	117
3859	100
3860	82
3861	62
3862	86
3863	70
3864	72
3865	55
3866	60
3867	81
3868	73
3869	66
3870	68
3871	80
3872	65
3873	57
3874	61
3875	78
3876	62
3877	64
3878	68
3879	75
3880	57
3881	74
3882	66
3883	81
3884	72
3885	67
3886	85
3887	65
3888	74
3889	71
3890	59
3891	55
3892	67
3893	83
3894	56
3895	71
3896	60
3897	62
3898	64
3899	66
3900	69
3901	66
3902	64
3903	58
3904	75
3905	79
3906	67
3907	62
3908	66
3909	76
3910	69
3911	67
3912	78
3913	77
3914	60
3915	64
3916	64
3917	61
3918	60
3919	48
3920	76
3921	63
3922	71
3923	80
3924	59
3925	60
3926	60
3927	54
3928	58
3929	57
3930	59
3931	68
3932	63
3933	53
3934	73
3935	55
3936	48
3937	70
3938	69
3939	54
3940	72
3941	54
3942	56
3943	72
3944	60
3945	55
3946	68
3947	59
3948	60
3949	58
3950	60
3951	62
3952	68
3953	80
3954	60
3955	61
3956	72
3957	78
3958	54
3959	73
3960	54
3961	51
3962	47
3963	52
3964	56
3965	64
3966	72
3967	63
3968	54
3969	64
3970	66
3971	72
3972	67
3973	60
3974	75
3975	61
3976	58
3977	69
3978	61
3979	53
3980	59
3981	65
3982	66
3983	52
3984	64
3985	65
3986	54
3987	63
3988	70
3989	47
3990	61
3991	57
3992	82
3993	64
3994	65
3995	72
3996	75
3997	68
3998	58
3999	60
4000	50
4001	65
4002	57
4003	56
4004	54
4005	61
4006	68
4007	58
4008	70
4009	84
4010	61
4011	59
4012	67
4013	57
4014	65
4015	54
4016	68
4017	72
4018	79
4019	85
4020	56
4021	72
4022	77
4023	65
4024	53
4025	60
4026	66
4027	61
4028	67
4029	63
4030	76
4031	70
4032	65
4033	71
4034	66
4035	68
4036	61
4037	44
4038	75
4039	63
4040	61
4041	68
4042	60
4043	53
4044	39
4045	75
4046	57
4047	69
4048	65
4049	59
4050	57
4051	65
4052	68
4053	64
4054	57
4055	64
4056	64
4057	54
4058	57
4059	53
4060	63
4061	50
4062	68
4063	55
4064	61
4065	61
4066	64
4067	62
4068	67
4069	62
4070	43
4071	65
4072	58
4073	62
4074	62
4075	69
4076	63
4077	69
4078	60
4079	64
4080	87
4081	84
4082	92
4083	75
4084	69
4085	78
4086	83
4087	65
4088	56
4089	70
4090	61
4091	61
4092	54
4093	65
4094	64
4095	73
4096	84
4097	73
4098	88
4099	87
4100	118
4101	106
4102	92
4103	74
4104	77
4105	62
4106	62
4107	57
4108	62
4109	54
4110	50
4111	59
4112	62
4113	55
4114	72
4115	68
4116	57
4117	65
4118	64
4119	63
4120	64
4121	60
4122	57
4123	56
4124	59
4125	71
4126	49
4127	56
4128	54
4129	65
4130	58
4131	80
4132	51
4133	63
4134	56
4135	62
4136	54
4137	51
4138	59
4139	57
4140	63
4141	62
4142	61
4143	61
4144	61
4145	63
4146	60
4147	72
4148	58
4149	59
4150	67
4151	58
4152	54
4153	67
4154	60
4155	66
4156	64
4157	60
4158	53
4159	66
4160	64
4161	63
4162	59
4163	63
4164	53
4165	67
4166	56
4167	43
4168	44
4169	67
4170	61
4171	45
4172	51
4173	65
4174	67
4175	57
4176	68
4177	48
4178	77
4179	72
4180	66
4181	60
4182	49
4183	62
4184	51
4185	63
4186	58
4187	64
4188	50
4189	46
4190	60
4191	43
4192	52
4193	51
4194	55
4195	59
4196	62
4197	60
4198	55
4199	69
4200	56
4201	53
4202	72
4203	58
4204	57
4205	57
4206	57
4207	51
4208	46
4209	49
4210	54
4211	59
4212	51
4213	69
4214	56
4215	65
4216	49
4217	53
4218	49
4219	54
4220	67
4221	58
4222	46
4223	52
4224	48
4225	54
4226	65
4227	71
4228	54
4229	47
4230	54
4231	61
4232	66
4233	53
4234	56
4235	53
4236	64
4237	64
4238	67
4239	56
4240	67
4241	52
4242	57
4243	67
4244	64
4245	59
4246	68
4247	66
4248	69
4249	59
4250	58
4251	48
4252	42
4253	61
4254	54
4255	55
4256	55
4257	44
4258	55
4259	51
4260	63
4261	51
4262	52
4263	58
4264	60
4265	56
4266	56
4267	61
4268	59
4269	49
4270	51
4271	52
4272	52
4273	48
4274	58
4275	58
4276	53
4277	78
4278	54
4279	58
4280	63
4281	63
4282	58
4283	52
4284	44
4285	62
4286	53
4287	56
4288	55
4289	70
4290	60
4291	66
4292	62
4293	58
4294	50
4295	60
4296	63
4297	58
4298	47
4299	58
4300	52
4301	47
4302	60
4303	55
4304	30
4305	59
4306	60
4307	60
4308	59
4309	63
4310	66
4311	59
4312	49
4313	50
4314	46
4315	57
4316	68
4317	59
4318	46
4319	61
4320	58
4321	48
4322	52
4323	47
4324	59
4325	38
4326	67
4327	58
4328	54
4329	50
4330	53
4331	52
4332	66
4333	67
4334	46
4335	55
4336	49
4337	58
4338	57
4339	56
4340	48
4341	54
4342	58
4343	61
4344	42
4345	61
4346	63
4347	55
4348	55
4349	51
4350	50
4351	43
4352	50
4353	58
4354	49
4355	63
4356	45
4357	53
4358	54
4359	56
4360	57
4361	55
4362	63
4363	56
4364	69
4365	53
4366	60
4367	48
4368	67
4369	52
4370	64
4371	53
4372	57
4373	54
4374	61
4375	66
4376	79
4377	65
4378	56
4379	44
4380	44
4381	57
4382	59
4383	49
4384	61
4385	55
4386	53
4387	49
4388	52
4389	63
4390	39
4391	51
4392	68
4393	54
4394	54
4395	51
4396	63
4397	53
4398	52
4399	57
4400	58
4401	56
4402	48
4403	59
4404	60
4405	59
4406	53
4407	51
4408	71
4409	60
4410	67
4411	64
4412	51
4413	51
4414	59
4415	48
4416	49
4417	68
4418	43
4419	62
4420	67
4421	51
4422	61
4423	64
4424	39
4425	58
4426	52
4427	41
4428	52
4429	64
4430	54
4431	50
4432	61
4433	44
4434	50
4435	48
4436	56
4437	60
4438	54
4439	61
4440	51
4441	61
4442	53
4443	59
4444	47
4445	68
4446	67
4447	53
4448	52
4449	51
4450	60
4451	54
4452	50
4453	59
4454	52
4455	50
4456	47
4457	56
4458	56
4459	57
4460	47
4461	59
4462	53
4463	59
4464	41
4465	43
4466	59
4467	60
4468	45
4469	50
4470	39
4471	48
4472	50
4473	50
4474	44
4475	44
4476	47
4477	42
4478	56
4479	50
4480	54
4481	59
4482	57
4483	43
4484	63
4485	60
4486	45
4487	51
4488	58
4489	43
4490	48
4491	68
4492	56
4493	61
4494	43
4495	51
4496	55
4497	63
4498	50
4499	56
4500	54
4501	57
4502	42
4503	50
4504	56
4505	55
4506	42
4507	62
4508	58
4509	51
4510	56
4511	50
4512	59
4513	62
4514	58
4515	51
4516	52
4517	51
4518	62
4519	50
4520	56
4521	61
4522	47
4523	55
4524	60
4525	51
4526	59
4527	52
4528	55
4529	54
4530	47
4531	38
4532	56
4533	59
4534	56
4535	53
4536	57
4537	57
4538	46
4539	51
4540	43
4541	63
4542	48
4543	52
4544	48
4545	53
4546	66
4547	61
4548	64
4549	50
4550	52
4551	50
4552	69
4553	43
4554	60
4555	49
4556	46
4557	49
4558	54
4559	46
4560	57
4561	54
4562	45
4563	54
4564	48
4565	51
4566	54
4567	47
4568	47
4569	57
4570	53
4571	53
4572	51
4573	54
4574	52
4575	54
4576	61
4577	55
4578	46
4579	56
4580	52
4581	44
4582	48
4583	52
4584	45
4585	45
4586	54
4587	49
4588	53
4589	57
4590	47
4591	46
4592	56
4593	55
4594	56
4595	51
4596	48
4597	70
4598	46
4599	52
4600	45
4601	55
4602	55
4603	56
4604	40
4605	44
4606	57
4607	51
4608	46
4609	51
4610	52
4611	56
4612	50
4613	49
4614	45
4615	52
4616	60
4617	47
4618	56
4619	45
4620	54
4621	59
4622	57
4623	61
4624	52
4625	52
4626	45
4627	52
4628	44
4629	47
4630	68
4631	50
4632	40
4633	50
4634	43
4635	57
4636	50
4637	56
4638	42
4639	42
4640	54
4641	49
4642	38
4643	58
4644	43
4645	55
4646	54
4647	51
4648	47
4649	45
4650	65
4651	49
4652	57
4653	52
4654	47
4655	54
4656	54
4657	58
4658	44
4659	47
4660	53
4661	50
4662	54
4663	62
4664	65
4665	49
4666	55
4667	37
4668	43
4669	54
4670	55
4671	50
4672	51
4673	62
4674	49
4675	51
4676	51
4677	61
4678	50
4679	39
4680	53
4681	54
4682	37
4683	39
4684	50
4685	61
4686	39
4687	52
4688	46
4689	42
4690	56
4691	68
4692	57
4693	35
4694	49
4695	50
4696	58
4697	49
4698	46
4699	56
4700	59
4701	63
4702	46
4703	51
4704	49
4705	44
4706	60
4707	48
4708	49
4709	45
4710	51
4711	61
4712	47
4713	48
4714	49
4715	46
4716	45
4717	47
4718	52
4719	51
4720	46
4721	43
4722	52
4723	55
4724	45
4725	45
4726	53
4727	52
4728	54
4729	51
4730	42
4731	52
4732	52
4733	47
4734	50
4735	39
4736	63
4737	77
4738	76
4739	87
4740	98
4741	88
4742	70
4743	74
4744	68
4745	65
4746	52
4747	58
4748	45
4749	46
4750	48
4751	48
4752	39
4753	52
4754	43
4755	47
4756	45
4757	41
4758	50
4759	49
4760	50
4761	49
4762	47
4763	57
4764	36
4765	50
4766	53
4767	43
4768	43
4769	55
4770	41
4771	46
4772	44
4773	58
4774	38
4775	42
4776	46
4777	45
4778	58
4779	55
4780	48
4781	57
4782	43
4783	52
4784	46
4785	52
4786	46
4787	41
4788	55
4789	39
4790	53
4791	38
4792	61
4793	41
4794	53
4795	46
4796	58
4797	58
4798	50
4799	59
4800	49
4801	56
4802	57
4803	55
4804	51
4805	48
4806	41
4807	50
4808	49
4809	60
4810	58
4811	37
4812	45
4813	53
4814	59
4815	51
4816	51
4817	47
4818	49
4819	40
4820	57
4821	48
4822	55
4823	50
4824	49
4825	34
4826	57
4827	46
4828	59
4829	46
4830	47
4831	39
4832	51
4833	35
4834	53
4835	47
4836	50
4837	44
4838	53
4839	44
4840	48
4841	52
4842	58
4843	49
4844	38
4845	48
4846	37
4847	43
4848	31
4849	47
4850	39
4851	51
4852	53
4853	37
4854	45
4855	32
4856	35
4857	51
4858	46
4859	46
4860	60
4861	49
4862	41
4863	56
4864	40
4865	42
4866	39
4867	44
4868	50
4869	52
4870	50
4871	49
4872	43
4873	52
4874	38
4875	39
4876	46
4877	63
4878	55
4879	53
4880	37
4881	43
4882	61
4883	48
4884	47
4885	51
4886	56
4887	58
4888	58
4889	61
4890	52
4891	57
4892	53
4893	48
4894	42
4895	36
4896	44
4897	40
4898	36
4899	64
4900	49
4901	42
4902	45
4903	45
4904	51
4905	44
4906	46
4907	51
4908	41
4909	52
4910	46
4911	49
4912	44
4913	55
4914	33
4915	42
4916	56
4917	46
4918	45
4919	54
4920	35
4921	40
4922	51
4923	47
4924	52
4925	66
4926	46
4927	40
4928	41
4929	45
4930	45
4931	52
4932	43
4933	46
4934	39
4935	48
4936	52
4937	57
4938	50
4939	47
4940	45
4941	29
4942	40
4943	49
4944	44
4945	42
4946	46
4947	57
4948	46
4949	53
4950	50
4951	32
4952	52
4953	63
4954	54
4955	47
4956	62
4957	53
4958	39
4959	50
4960	56
4961	45
4962	42
4963	47
4964	43
4965	48
4966	44
4967	39
4968	41
4969	48
4970	39
4971	47
4972	57
4973	48
4974	39
4975	39
4976	53
4977	55
4978	48
4979	49
4980	32
4981	43
4982	53
4983	41
4984	37
4985	56
4986	38
4987	59
4988	47
4989	60
4990	39
4991	53
4992	51
4993	43
4994	64
4995	53
4996	42
4997	45
4998	51
4999	39
5000	47
5001	57
5002	60
5003	53
5004	43
5005	38
5006	53
5007	48
5008	38
5009	47
5010	38
5011	56
5012	46
5013	50
5014	43
5015	52
5016	52
5017	39
5018	44
5019	44
5020	52
5021	49
5022	47
5023	47
5024	51
5025	49
5026	51
5027	33
5028	44
5029	54
5030	42
5031	42
5032	37
5033	41
5034	58
5035	41
5036	37
5037	52
5038	46
5039	43
5040	47
5041	40
5042	55
5043	53
5044	37
5045	41
5046	50
5047	46
5048	45
5049	50
5050	48
5051	45
5052	39
5053	50
5054	43
5055	55
5056	42
5057	48
5058	37
5059	37
5060	53
5061	52
5062	51
5063	54
5064	46
5065	42
5066	39
5067	40
5068	50
5069	41
5070	54
5071	42
5072	43
5073	53
5074	45
5075	51
5076	47
5077	41
5078	51
5079	60
5080	61
5081	57
5082	47
5083	48
5084	47
5085	44
5086	46
5087	50
5088	32
5089	46
5090	36
5091	44
5092	48
5093	51
5094	56
5095	34
5096	46
5097	48
5098	41
5099	38
5100	45
5101	38
5102	49
5103	33
5104	40
5105	44
5106	44
5107	50
5108	32
5109	49
5110	44
5111	47
5112	60
5113	54
5114	52
5115	48
5116	44
5117	40
5118	47
5119	44
5120	55
5121	42
5122	40
5123	35
5124	42
5125	52
5126	48
5127	54
5128	50
5129	48
5130	42
5131	51
5132	59
5133	48
5134	42
5135	47
5136	45
5137	37
5138	45
5139	43
5140	49
5141	55
5142	50
5143	51
5144	50
5145	52
5146	39
5147	38
5148	51
5149	41
5150	41
5151	50
5152	33
5153	50
5154	46
5155	46
5156	50
5157	51
5158	51
5159	55
5160	43
5161	50
5162	49
5163	46
5164	32
5165	49
5166	34
5167	41
5168	45
5169	42
5170	46
5171	50
5172	41
5173	33
5174	52
5175	45
5176	41
5177	24
5178	44
5179	48
5180	46
5181	64
5182	47
5183	45
5184	45
5185	62
5186	49
5187	50
5188	46
5189	41
5190	42
5191	40
5192	50
5193	52
5194	49
5195	52
5196	47
5197	49
5198	40
5199	43
5200	49
5201	49
5202	52
5203	46
5204	29
5205	37
5206	43
5207	44
5208	43
5209	37
5210	43
5211	52
5212	39
5213	46
5214	45
5215	46
5216	56
5217	60
5218	41
5219	55
5220	36
5221	42
5222	45
5223	56
5224	42
5225	41
5226	41
5227	35
5228	48
5229	49
5230	42
5231	56
5232	53
5233	42
5234	49
5235	46
5236	61
5237	59
5238	61
5239	63
5240	65
5241	47
5242	45
5243	48
5244	44
5245	42
5246	51
5247	45
5248	46
5249	60
5250	43
5251	45
5252	49
5253	43
5254	38
5255	61
5256	44
5257	46
5258	48
5259	31
5260	36
5261	34
5262	35
5263	40
5264	44
5265	37
5266	41
5267	43
5268	24
5269	48
5270	42
5271	44
5272	38
5273	40
5274	39
5275	49
5276	41
5277	34
5278	32
5279	45
5280	46
5281	29
5282	39
5283	34
5284	24
5285	46
5286	56
5287	38
5288	39
5289	37
5290	48
5291	52
5292	42
5293	46
5294	28
5295	35
5296	51
5297	24
5298	41
5299	50
5300	46
5301	36
5302	46
5303	36
5304	32
5305	37
5306	42
5307	31
5308	32
5309	32
5310	32
5311	49
5312	40
5313	38
5314	37
5315	46
5316	39
5317	42
5318	53
5319	41
5320	41
5321	56
5322	38
5323	44
5324	47
5325	36
5326	38
5327	39
5328	35
5329	30
5330	41
5331	47
5332	40
5333	39
5334	46
5335	25
5336	38
5337	33
5338	38
5339	40
5340	41
5341	47
5342	36
5343	42
5344	31
5345	34
5346	36
5347	39
5348	42
5349	30
5350	41
5351	28
5352	32
5353	34
5354	30
5355	37
5356	38
5357	46
5358	28
5359	35
5360	34
5361	36
5362	32
5363	28
5364	26
5365	37
5366	28
5367	42
5368	35
5369	36
5370	36
5371	24
5372	43
5373	28
5374	25
5375	34
5376	39
5377	30
5378	37
5379	38
5380	34
5381	49
5382	40
5383	39
5384	42
5385	21
5386	40
5387	36
5388	30
5389	29
5390	41
5391	24
5392	38
5393	24
5394	36
5395	41
5396	41
5397	42
5398	37
5399	26
5400	34
5401	25
5402	36
5403	30
5404	35
5405	35
5406	36
5407	47
5408	34
5409	43
5410	27
5411	34
5412	40
5413	41
5414	24
5415	41
5416	42
5417	44
5418	52
5419	37
5420	41
5421	29
5422	33
5423	37
5424	35
5425	40
5426	43
5427	39
5428	38
5429	36
5430	26
5431	37
5432	25
5433	39
5434	27
5435	36
5436	47
5437	30
5438	30
5439	27
5440	29
5441	44
5442	32
5443	39
5444	34
5445	36
5446	34
5447	31
5448	31
5449	35
5450	35
5451	40
5452	42
5453	28
5454	43
5455	45
5456	29
5457	31
5458	38
5459	33
5460	40
5461	30
5462	21
5463	30
5464	36
5465	34
5466	43
5467	35
5468	42
5469	36
5470	31
5471	37
5472	39
5473	36
5474	36
5475	29
5476	37
5477	36
5478	29
5479	36
5480	29
5481	37
5482	30
5483	28
5484	26
5485	29
5486	33
5487	38
5488	33
5489	34
5490	33
5491	27
5492	37
5493	26
5494	41
5495	36
5496	29
5497	35
5498	37
5499	27
5500	27
5501	25
5502	30
5503	36
5504	27
5505	32
5506	34
5507	37
5508	30
5509	43
5510	31
5511	50
5512	35
5513	35
5514	31
5515	33
5516	33
5517	35
5518	27
5519	26
5520	33
5521	35
5522	27
5523	37
5524	37
5525	38
5526	41
5527	33
5528	35
5529	32
5530	27
5531	28
5532	27
5533	36
5534	31
5535	35
5536	33
5537	29
5538	27
5539	37
5540	29
5541	42
5542	34
5543	38
5544	37
5545	29
5546	26
5547	30
5548	40
5549	43
5550	28
5551	32
5552	42
5553	36
5554	26
5555	28
5556	28
5557	31
5558	36
5559	26
5560	27
5561	26
5562	29
5563	38
5564	28
5565	29
5566	32
5567	38
5568	27
5569	20
5570	32
5571	35
5572	33
5573	26
5574	34
5575	36
5576	31
5577	29
5578	31
5579	35
5580	30
5581	26
5582	28
5583	31
5584	27
5585	30
5586	30
5587	35
5588	29
5589	22
5590	29
5591	34
5592	34
5593	37
5594	34
5595	23
5596	32
5597	24
5598	37
5599	38
5600	38
5601	23
5602	28
5603	34
5604	25
5605	23
5606	38
5607	30
5608	26
5609	25
5610	26
5611	31
5612	36
5613	38
5614	24
5615	27
5616	28
5617	35
5618	22
5619	29
5620	21
5621	42
5622	34
5623	37
5624	36
5625	33
5626	41
5627	30
5628	24
5629	36
5630	28
5631	26
5632	18
5633	39
5634	30
5635	36
5636	34
5637	24
5638	17
5639	23
5640	33
5641	34
5642	37
5643	16
5644	38
5645	31
5646	22
5647	29
5648	35
5649	28
5650	17
5651	24
5652	39
5653	34
5654	27
5655	27
5656	28
5657	28
5658	20
5659	33
5660	24
5661	22
5662	36
5663	32
5664	18
5665	31
5666	30
5667	32
5668	27
5669	26
5670	35
5671	33
5672	28
5673	28
5674	37
5675	21
5676	23
5677	27
5678	21
5679	30
5680	26
5681	30
5682	31
5683	35
5684	29
5685	30
5686	29
5687	23
5688	21
5689	21
5690	42
5691	24
5692	35
5693	39
5694	27
5695	32
5696	25
5697	31
5698	36
5699	30
5700	34
5701	25
5702	31
5703	27
5704	30
5705	21
5706	31
5707	28
5708	34
5709	31
5710	38
5711	25
5712	32
5713	16
5714	24
5715	28
5716	23
5717	34
5718	23
5719	26
5720	32
5721	35
5722	25
5723	22
5724	25
5725	20
5726	37
5727	31
5728	25
5729	18
5730	22
5731	30
5732	39
5733	23
5734	27
5735	32
5736	26
5737	21
5738	33
5739	27
5740	31
5741	21
5742	32
5743	20
5744	26
5745	26
5746	28
5747	29
5748	21
5749	21
5750	28
5751	27
5752	25
5753	37
5754	39
5755	29
5756	35
5757	23
5758	29
5759	18
5760	29
5761	27
5762	28
5763	28
5764	30
5765	33
5766	39
5767	36
5768	34
5769	28
5770	24
5771	21
5772	28
5773	27
5774	31
5775	28
5776	28
5777	21
5778	16
5779	21
5780	22
5781	22
5782	20
5783	28
5784	21
5785	22
5786	15
5787	23
5788	34
5789	32
5790	20
5791	30
5792	24
5793	20
5794	26
5795	26
5796	26
5797	40
5798	25
5799	28
5800	16
5801	23
5802	27
5803	29
5804	26
5805	22
5806	30
5807	19
5808	34
5809	27
5810	29
5811	24
5812	33
5813	24
5814	23
5815	37
5816	35
5817	26
5818	19
5819	27
5820	34
5821	23
5822	31
5823	26
5824	17
5825	25
5826	22
5827	34
5828	43
5829	32
5830	39
5831	34
5832	27
5833	31
5834	24
5835	23
5836	25
5837	20
5838	27
5839	28
5840	28
5841	24
5842	19
5843	23
5844	26
5845	26
5846	19
5847	25
5848	31
5849	24
5850	33
5851	24
5852	24
5853	34
5854	24
5855	26
5856	24
5857	24
5858	32
5859	34
5860	34
5861	23
5862	23
5863	23
5864	26
5865	27
5866	29
5867	30
5868	30
5869	21
5870	25
5871	31
5872	27
5873	26
5874	32
5875	22
5876	31
5877	28
5878	27
5879	29
5880	30
5881	29
5882	31
5883	18
5884	25
5885	24
5886	18
5887	33
5888	30
5889	25
5890	24
5891	25
5892	21
5893	27
5894	37
5895	31
5896	33
5897	25
5898	30
5899	23
5900	18
5901	25
5902	25
5903	28
5904	27
5905	20
5906	24
5907	21
5908	19
5909	29
5910	20
5911	32
5912	22
5913	30
5914	27
5915	27
5916	19
5917	29
5918	36
5919	19
5920	24
5921	14
5922	25
5923	25
5924	19
5925	33
5926	26
5927	29
5928	23
5929	20
5930	20
5931	29
5932	27
5933	20
5934	23
5935	28
5936	24
5937	26
5938	21
5939	14
5940	17
5941	19
5942	31
5943	24
5944	22
5945	24
5946	18
5947	26
5948	24
5949	16
5950	27
5951	27
5952	22
5953	19
5954	31
5955	41
5956	37
5957	24
5958	33
5959	27
5960	27
5961	26
5962	28
5963	19
5964	20
5965	24
5966	24
5967	27
5968	18
5969	22
5970	20
5971	25
5972	25
5973	31
5974	19
5975	21
5976	19
5977	24
5978	27
5979	25
5980	17
5981	33
5982	31
5983	25
5984	20
5985	19
5986	22
5987	19
5988	29
5989	25
5990	21
5991	24
5992	26
5993	24
5994	22
5995	35
5996	31
5997	33
5998	32
5999	21
6000	24
6001	28
6002	23
6003	27
6004	21
6005	26
6006	24
6007	21
6008	25
6009	34
6010	24
6011	20
6012	30
6013	33
6014	7
6015	17
6016	24
6017	26
6018	19
6019	24
6020	23
6021	21
6022	15
6023	25
6024	16
6025	25
6026	24
6027	17
6028	29
6029	21
6030	28
6031	27
6032	28
6033	25
6034	28
6035	14
6036	32
6037	26
6038	22
6039	18
6040	30
6041	31
6042	24
6043	23
6044	25
6045	20
6046	16
6047	29
6048	23
6049	19
6050	21
6051	20
6052	27
6053	39
6054	31
6055	23
6056	22
6057	33
6058	26
6059	26
6060	26
6061	32
6062	21
6063	28
6064	22
6065	33
6066	34
6067	16
6068	23
6069	21
6070	31
6071	24
6072	27
6073	25
6074	16
6075	22
6076	29
6077	26
6078	14
6079	22
6080	23
6081	22
6082	31
6083	17
6084	23
6085	25
6086	30
6087	16
6088	14
6089	35
6090	18
6091	33
6092	16
6093	26
6094	22
6095	22
6096	16
6097	29
6098	20
6099	32
6100	29
6101	26
6102	30
6103	19
6104	21
6105	24
6106	26
6107	31
6108	18
6109	22
6110	19
6111	19
6112	32
6113	31
6114	22
6115	28
6116	11
6117	32
6118	26
6119	24
6120	37
6121	29
6122	22
6123	28
6124	15
6125	31
6126	25
6127	20
6128	19
6129	19
6130	25
6131	31
6132	17
6133	21
6134	22
6135	16
6136	22
6137	27
6138	28
6139	28
6140	36
6141	35
6142	24
6143	14
6144	19
6145	26
6146	29
6147	25
6148	28
6149	23
6150	28
6151	22
6152	31
6153	27
6154	20
6155	27
6156	23
6157	25
6158	22
6159	25
6160	31
6161	27
6162	26
6163	30
6164	17
6165	35
6166	24
6167	32
6168	30
6169	38
6170	35
6171	43
6172	78
6173	85
6174	119
6175	200
6176	309
6177	424
6178	604
6179	681
6180	703
6181	770
6182	693
6183	558
6184	441
6185	300
6186	176
6187	117
6188	68
6189	36
6190	22
6191	21
6192	23
6193	8
6194	16
6195	19
6196	21
6197	22
6198	24
6199	19
6200	13
6201	15
6202	14
6203	11
6204	23
6205	18
6206	14
6207	15
6208	9
6209	18
6210	22
6211	16
6212	11
6213	13
6214	15
6215	25
6216	17
6217	15
6218	15
6219	15
6220	16
6221	19
6222	17
6223	25
6224	20
6225	9
6226	12
6227	20
6228	17
6229	19
6230	13
6231	20
6232	13
6233	20
6234	23
6235	21
6236	21
6237	16
6238	20
6239	17
6240	21
6241	20
6242	9
6243	21
6244	11
6245	14
6246	15
6247	20
6248	18
6249	15
6250	16
6251	12
6252	16
6253	16
6254	20
6255	15
6256	22
6257	18
6258	23
6259	20
6260	12
6261	11
6262	23
6263	17
6264	21
6265	20
6266	14
6267	17
6268	16
6269	12
6270	16
6271	16
6272	13
6273	19
6274	17
6275	17
6276	20
6277	17
6278	16
6279	26
6280	17
6281	21
6282	20
6283	25
6284	17
6285	17
6286	28
6287	16
6288	17
6289	20
6290	13
6291	22
6292	11
6293	19
6294	15
6295	23
6296	27
6297	16
6298	25
6299	22
6300	20
6301	13
6302	11
6303	18
6304	15
6305	11
6306	20
6307	15
6308	16
6309	14
6310	18
6311	21
6312	23
6313	20
6314	16
6315	18
6316	24
6317	14
6318	22
6319	16
6320	21
6321	13
6322	18
6323	13
6324	21
6325	17
6326	23
6327	27
6328	22
6329	18
6330	20
6331	16
6332	19
6333	23
6334	14
6335	15
6336	14
6337	22
6338	23
6339	17
6340	14
6341	17
6342	16
6343	14
6344	20
6345	17
6346	19
6347	15
6348	21
6349	13
6350	23
6351	18
6352	25
6353	18
6354	24
6355	25
6356	19
6357	17
6358	22
6359	23
6360	26
6361	15
6362	23
6363	21
6364	23
6365	32
6366	18
6367	17
6368	16
6369	23
6370	16
6371	20
6372	20
6373	18
6374	14
6375	19
6376	19
6377	26
6378	17
6379	17
6380	11
6381	29
6382	17
6383	22
6384	28
6385	18
6386	13
6387	27
6388	19
6389	27
6390	18
6391	26
6392	20
6393	14
6394	18
6395	14
6396	18
6397	11
6398	9
6399	20
6400	23
6401	17
6402	15
6403	17
6404	21
6405	10
6406	21
6407	14
6408	22
6409	21
6410	12
6411	20
6412	16
6413	14
6414	23
6415	15
6416	17
6417	17
6418	17
6419	18
6420	9
6421	19
6422	23
6423	16
6424	15
6425	21
6426	15
6427	14
6428	18
6429	16
6430	10
6431	15
6432	21
6433	17
6434	20
6435	12
6436	15
6437	17
6438	26
6439	24
6440	19
6441	15
6442	16
6443	20
6444	18
6445	13
6446	22
6447	13
6448	20
6449	17
6450	20
6451	19
6452	14
6453	18
6454	21
6455	15
6456	12
6457	14
6458	17
6459	17
6460	16
6461	20
6462	16
6463	17
6464	17
6465	15
6466	20
6467	12
6468	16
6469	20
6470	13
6471	21
6472	12
6473	20
6474	23
6475	17
6476	18
6477	20
6478	22
6479	22
6480	13
6481	18
6482	16
6483	13
6484	15
6485	16
6486	22
6487	14
6488	19
6489	8
6490	16
6491	15
6492	16
6493	16
6494	20
6495	16
6496	15
6497	20
6498	13
6499	10
6500	20
6501	23
6502	15
6503	19
6504	17
6505	17
6506	21
6507	14
6508	17
6509	13
6510	14
6511	25
6512	19
6513	16
6514	9
6515	18
6516	9
6517	13
6518	20
6519	16
6520	22
6521	8
6522	15
6523	14
6524	13
6525	22
6526	16
6527	14
6528	27
6529	18
6530	16
6531	18
6532	13
6533	23
6534	14
6535	14
6536	14
6537	20
6538	16
6539	8
6540	16
6541	15
6542	18
6543	21
6544	15
6545	11
6546	16
6547	18
6548	20
6549	15
6550	11
6551	12
6552	21
6553	18
6554	10
6555	18
6556	19
6557	16
6558	10
6559	15
6560	15
6561	16
6562	15
6563	11
6564	15
6565	16
6566	8
6567	19
6568	13
6569	18
6570	17
6571	15
6572	21
6573	11
6574	13
6575	11
6576	19
6577	18
6578	14
6579	22
6580	13
6581	19
6582	15
6583	9
6584	12
6585	21
6586	22
6587	13
6588	19
6589	21
6590	22
6591	7
6592	20
6593	13
6594	19
6595	10
6596	11
6597	14
6598	15
6599	16
6600	12
6601	15
6602	21
6603	12
6604	18
6605	20
6606	11
6607	12
6608	25
6609	22
6610	17
6611	15
6612	22
6613	14
6614	11
6615	23
6616	15
6617	11
6618	21
6619	16
6620	20
6621	12
6622	14
6623	15
6624	16
6625	14
6626	10
6627	15
6628	10
6629	23
6630	8
6631	14
6632	15
6633	13
6634	18
6635	23
6636	23
6637	24
6638	14
6639	14
6640	13
6641	12
6642	14
6643	18
6644	17
6645	16
6646	15
6647	16
6648	16
6649	15
6650	17
6651	12
6652	10
6653	13
6654	23
6655	13
6656	17
6657	16
6658	15
6659	9
6660	18
6661	14
6662	20
6663	13
6664	14
6665	12
6666	15
6667	9
6668	19
6669	19
6670	11
6671	17
6672	14
6673	25
6674	13
6675	14
6676	16
6677	19
6678	14
6679	22
6680	22
6681	18
6682	20
6683	10
6684	13
6685	22
6686	10
6687	23
6688	18
6689	10
6690	14
6691	17
6692	13
6693	13
6694	13
6695	19
6696	26
6697	17
6698	16
6699	16
6700	19
6701	19
6702	17
6703	18
6704	17
6705	15
6706	11
6707	11
6708	11
6709	12
6710	16
6711	22
6712	20
6713	18
6714	15
6715	16
6716	20
6717	25
6718	23
6719	25
6720	21
6721	25
6722	18
6723	24
6724	14
6725	16
6726	12
6727	13
6728	13
6729	22
6730	18
6731	21
6732	26
6733	25
6734	32
6735	28
6736	31
6737	42
6738	46
6739	37
6740	27
6741	36
6742	30
6743	24
6744	20
6745	17
6746	21
6747	13
6748	17
6749	12
6750	16
6751	13
6752	13
6753	13
6754	16
6755	18
6756	10
6757	19
6758	15
6759	23
6760	15
6761	12
6762	13
6763	13
6764	11
6765	20
6766	16
6767	11
6768	14
6769	16
6770	17
6771	21
6772	12
6773	13
6774	25
6775	14
6776	15
6777	15
6778	23
6779	16
6780	13
6781	10
6782	20
6783	11
6784	17
6785	10
6786	12
6787	19
6788	30
6789	14
6790	13
6791	13
6792	10
6793	26
6794	13
6795	17
6796	13
6797	16
6798	12
6799	19
6800	12
6801	15
6802	15
6803	13
6804	11
6805	10
6806	15
6807	12
6808	10
6809	12
6810	24
6811	21
6812	16
6813	19
6814	16
6815	13
6816	12
6817	16
6818	14
6819	14
6820	11
6821	11
6822	12
6823	12
6824	16
6825	12
6826	11
6827	12
6828	7
6829	17
6830	8
6831	22
6832	14
6833	15
6834	22
6835	15
6836	19
6837	17
6838	13
6839	14
6840	10
6841	21
6842	21
6843	28
6844	7
6845	11
6846	16
6847	29
6848	15
6849	18
6850	12
6851	15
6852	20
6853	14
6854	11
6855	12
6856	22
6857	19
6858	13
6859	18
6860	18
6861	25
6862	17
6863	17
6864	19
6865	23
6866	18
6867	20
6868	17
6869	17
6870	17
6871	21
6872	10
6873	16
6874	12
6875	19
6876	21
6877	17
6878	18
6879	22
6880	17
6881	22
6882	20
6883	13
6884	18
6885	13
6886	16
6887	13
6888	15
6889	15
6890	13
6891	17
6892	19
6893	25
6894	17
6895	16
6896	12
6897	16
6898	19
6899	20
6900	18
6901	17
6902	26
6903	16
6904	19
6905	13
6906	14
6907	15
6908	16
6909	17
6910	16
6911	6
6912	15
6913	19
6914	12
6915	16
6916	12
6917	13
6918	12
6919	11
6920	18
6921	10
6922	12
6923	14
6924	19
6925	20
6926	19
6927	7
6928	16
6929	17
6930	11
6931	17
6932	16
6933	8
6934	16
6935	23
6936	17
6937	20
6938	16
6939	10
6940	18
6941	15
6942	17
6943	22
6944	16
6945	18
6946	12
6947	8
6948	14
6949	14
6950	13
6951	20
6952	11
6953	13
6954	11
6955	21
6956	13
6957	19
6958	9
6959	17
6960	9
6961	13
6962	17
6963	15
6964	13
6965	10
6966	17
6967	17
6968	21
6969	17
6970	19
6971	22
6972	13
6973	21
6974	10
6975	10
6976	19
6977	16
6978	10
6979	17
6980	17
6981	21
6982	14
6983	10
6984	12
6985	16
6986	16
6987	14
6988	17
6989	21
6990	21
6991	12
6992	15
6993	17
6994	15
6995	12
6996	19
6997	12
6998	25
6999	12
7000	18
7001	10
7002	14
7003	16
7004	10
7005	11
7006	17
7007	12
7008	14
7009	14
7010	16
7011	13
7012	13
7013	20
7014	17
7015	15
7016	10
7017	9
7018	14
7019	12
7020	19
7021	19
7022	15
7023	13
7024	19
7025	18
7026	13
7027	17
7028	16
7029	15
7030	17
7031	19
7032	11
7033	16
7034	14
7035	16
7036	22
7037	11
7038	8
7039	14
7040	18
7041	10
7042	22
7043	11
7044	11
7045	20
7046	10
7047	13
7048	9
7049	7
7050	11
7051	11
7052	19
7053	13
7054	19
7055	18
7056	14
7057	17
7058	13
7059	11
7060	16
7061	8
7062	12
7063	15
7064	15
7065	15
7066	18
7067	9
7068	22
7069	9
7070	19
7071	10
7072	10
7073	10
7074	16
7075	13
7076	22
7077	12
7078	17
7079	8
7080	12
7081	16
7082	19
7083	10
7084	17
7085	10
7086	18
7087	22
7088	15
7089	14
7090	17
7091	18
7092	13
7093	19
7094	16
7095	14
7096	13
7097	15
7098	15
7099	13
7100	18
7101	14
7102	20
7103	16
7104	9
7105	9
7106	11
7107	17
7108	16
7109	17
7110	10
7111	23
7112	19
7113	16
7114	16
7115	11
7116	21
7117	12
7118	11
7119	14
7120	14
7121	8
7122	12
7123	18
7124	16
7125	14
7126	9
7127	9
7128	14
7129	13
7130	13
7131	13
7132	13
7133	16
7134	12
7135	12
7136	14
7137	11
7138	12
7139	8
7140	17
7141	9
7142	16
7143	12
7144	15
7145	15
7146	5
7147	12
7148	13
7149	19
7150	12
7151	14
7152	15
7153	8
7154	20
7155	13
7156	15
7157	15
7158	16
7159	12
7160	21
7161	15
7162	18
7163	15
7164	12
7165	10
7166	9
7167	12
7168	9
7169	14
7170	13
7171	20
7172	17
7173	16
7174	18
7175	19
7176	17
7177	15
7178	12
7179	17
7180	11
7181	11
7182	15
7183	15
7184	13
7185	15
7186	10
7187	16
7188	15
7189	8
7190	14
7191	9
7192	11
7193	12
7194	17
7195	15
7196	12
7197	15
7198	14
7199	4
7200	12
7201	14
7202	21
7203	10
7204	9
7205	20
7206	10
7207	12
7208	11
7209	11
7210	8
7211	12
7212	19
7213	12
7214	12
7215	13
7216	9
7217	11
7218	10
7219	15
7220	7
7221	12
7222	10
7223	17
7224	11
7225	16
7226	12
7227	15
7228	14
7229	16
7230	20
7231	11
7232	10
7233	10
7234	19
7235	13
7236	18
7237	13
7238	16
7239	15
7240	13
7241	20
7242	14
7243	12
7244	15
7245	11
7246	9
7247	13
7248	13
7249	11
7250	13
7251	14
7252	13
7253	14
7254	15
7255	18
7256	15
7257	15
7258	9
7259	16
7260	13
7261	15
7262	14
7263	6
7264	15
7265	12
7266	10
7267	17
7268	16
7269	18
7270	10
7271	15
7272	12
7273	16
7274	19
7275	9
7276	18
7277	12
7278	4
7279	12
7280	9
7281	12
7282	12
7283	15
7284	22
7285	17
7286	8
7287	10
7288	11
7289	18
7290	16
7291	17
7292	17
7293	18
7294	15
7295	13
7296	11
7297	8
7298	17
7299	16
7300	11
7301	10
7302	7
7303	8
7304	12
7305	11
7306	15
7307	12
7308	15
7309	10
7310	21
7311	12
7312	13
7313	20
7314	16
7315	26
7316	20
7317	13
7318	14
7319	17
7320	19
7321	12
7322	24
7323	15
7324	7
7325	20
7326	14
7327	11
7328	9
7329	11
7330	6
7331	10
7332	17
7333	13
7334	17
7335	13
7336	8
7337	15
7338	12
7339	16
7340	15
7341	10
7342	12
7343	9
7344	10
7345	9
7346	9
7347	12
7348	15
7349	24
7350	7
7351	11
7352	24
7353	13
7354	18
7355	15
7356	9
7357	15
7358	17
7359	12
7360	12
7361	14
7362	15
7363	12
7364	14
7365	9
7366	9
7367	15
7368	9
7369	14
7370	10
7371	10
7372	13
7373	11
7374	9
7375	9
7376	12
7377	17
7378	13
7379	20
7380	11
7381	12
7382	12
7383	15
7384	13
7385	16
7386	10
7387	20
7388	20
7389	14
7390	17
7391	8
7392	8
7393	2
7394	17
7395	15
7396	12
7397	12
7398	12
7399	15
7400	10
7401	9
7402	8
7403	7
7404	17
7405	13
7406	14
7407	5
7408	13
7409	11
7410	17
7411	16
7412	9
7413	13
7414	15
7415	18
7416	18
7417	9
7418	14
7419	14
7420	11
7421	9
7422	10
7423	11
7424	18
7425	9
7426	12
7427	9
7428	5
7429	7
7430	12
7431	10
7432	15
7433	10
7434	15
7435	10
7436	14
7437	16
7438	10
7439	14
7440	16
7441	12
7442	10
7443	18
7444	9
7445	17
7446	10
7447	13
7448	10
7449	10
7450	17
7451	23
7452	6
7453	8
7454	6
7455	12
7456	15
7457	14
7458	22
7459	27
7460	23
7461	35
7462	44
7463	50
7464	66
7465	57
7466	59
7467	50
7468	45
7469	38
7470	26
7471	24
7472	20
7473	20
7474	10
7475	13
7476	14
7477	10
7478	14
7479	16
7480	16
7481	16
7482	6
7483	15
7484	12
7485	5
7486	16
7487	15
7488	10
7489	9
7490	16
7491	13
7492	14
7493	11
7494	9
7495	9
7496	12
7497	14
7498	20
7499	13
7500	15
7501	6
7502	14
7503	10
7504	19
7505	13
7506	10
7507	14
7508	16
7509	11
7510	11
7511	17
7512	12
7513	22
7514	13
7515	8
7516	15
7517	9
7518	15
7519	12
7520	13
7521	24
7522	13
7523	14
7524	9
7525	15
7526	12
7527	17
7528	10
7529	10
7530	15
7531	9
7532	10
7533	22
7534	10
7535	11
7536	15
7537	12
7538	8
7539	14
7540	12
7541	18
7542	15
7543	13
7544	12
7545	15
7546	16
7547	16
7548	5
7549	19
7550	12
7551	9
7552	11
7553	8
7554	7
7555	15
7556	9
7557	12
7558	17
7559	10
7560	9
7561	9
7562	11
7563	8
7564	7
7565	10
7566	10
7567	12
7568	11
7569	11
7570	12
7571	10
7572	15
7573	17
7574	17
7575	12
7576	10
7577	12
7578	9
7579	12
7580	8
7581	14
7582	20
7583	16
7584	12
7585	13
7586	18
7587	14
7588	13
7589	12
7590	12
7591	12
7592	14
7593	22
7594	15
7595	7
7596	15
7597	6
7598	10
7599	13
7600	10
7601	11
7602	13
7603	12
7604	6
7605	14
7606	10
7607	12
7608	9
7609	17
7610	13
7611	17
7612	11
7613	16
7614	7
7615	13
7616	16
7617	5
7618	10
7619	4
7620	15
7621	26
7622	6
7623	11
7624	12
7625	10
7626	15
7627	11
7628	6
7629	12
7630	12
7631	15
7632	14
7633	14
7634	8
7635	9
7636	10
7637	8
7638	11
7639	20
7640	14
7641	13
7642	14
7643	7
7644	6
7645	11
7646	15
7647	15
7648	12
7649	12
7650	16
7651	15
7652	8
7653	7
7654	8
7655	13
7656	16
7657	16
7658	10
7659	11
7660	22
7661	10
7662	12
7663	12
7664	14
7665	9
7666	10
7667	14
7668	7
7669	13
7670	13
7671	6
7672	10
7673	9
7674	11
7675	15
7676	9
7677	12
7678	16
7679	8
7680	18
7681	16
7682	12
7683	13
7684	18
7685	7
7686	13
7687	14
7688	16
7689	14
7690	10
7691	15
7692	6
7693	17
7694	17
7695	14
7696	8
7697	11
7698	13
7699	9
7700	20
7701	11
7702	16
7703	8
7704	8
7705	16
7706	18
7707	10
7708	11
7709	23
7710	16
7711	19
7712	8
7713	10
7714	13
7715	14
7716	14
7717	15
7718	13
7719	13
7720	15
7721	15
7722	11
7723	12
7724	9
7725	7
7726	12
7727	13
7728	14
7729	11
7730	14
7731	18
7732	11
7733	11
7734	12
7735	19
7736	8
7737	15
7738	9
7739	8
7740	19
7741	11
7742	6
7743	11
7744	21
7745	16
7746	8
7747	10
7748	16
7749	13
7750	9
7751	18
7752	7
7753	13
7754	8
7755	10
7756	13
7757	10
7758	11
7759	16
7760	6
7761	13
7762	13
7763	10
7764	15
7765	12
7766	14
7767	14
7768	11
7769	20
7770	12
7771	9
7772	13
7773	11
7774	9
7775	9
7776	18
7777	13
7778	13
7779	9
7780	16
7781	14
7782	8
7783	12
7784	14
7785	16
7786	14
7787	16
7788	11
7789	11
7790	12
7791	9
7792	11
7793	9
7794	7
7795	12
7796	14
7797	15
7798	13
7799	11
7800	9
7801	10
7802	15
7803	11
7804	10
7805	9
7806	13
7807	5
7808	17
7809	14
7810	17
7811	13
7812	18
7813	11
7814	15
7815	18
7816	14
7817	15
7818	11
7819	21
7820	8
7821	7
7822	8
7823	16
7824	16
7825	17
7826	13
7827	9
7828	15
7829	12
7830	17
7831	12
7832	6
7833	10
7834	8
7835	9
7836	10
7837	14
7838	10
7839	17
7840	10
7841	8
7842	15
7843	16
7844	8
7845	9
7846	7
7847	14
7848	12
7849	10
7850	9
7851	13
7852	15
7853	12
7854	8
7855	11
7856	9
7857	18
7858	9
7859	6
7860	9
7861	13
7862	12
7863	11
7864	21
7865	7
7866	11
7867	9
7868	12
7869	16
7870	16
7871	12
7872	15
7873	8
7874	15
7875	12
7876	16
7877	8
7878	13
7879	17
7880	16
7881	8
7882	10
7883	9
7884	11
7885	12
7886	15
7887	14
7888	8
7889	15
7890	13
7891	16
7892	18
7893	19
7894	7
7895	6
7896	6
7897	10
7898	13
7899	11
7900	15
7901	14
7902	7
7903	21
7904	9
7905	18
7906	15
7907	10
7908	11
7909	11
7910	9
7911	7
7912	15
7913	10
7914	12
7915	10
7916	9
7917	12
7918	16
7919	11
7920	9
7921	11
7922	12
7923	8
7924	4
7925	7
7926	12
7927	10
7928	13
7929	9
7930	14
7931	13
7932	5
7933	5
7934	8
7935	10
7936	11
7937	8
7938	14
7939	7
7940	14
7941	11
7942	8
7943	13
7944	11
7945	18
7946	11
7947	10
7948	5
7949	11
7950	20
7951	6
7952	4
7953	9
7954	10
7955	10
7956	13
7957	12
7958	12
7959	12
7960	14
7961	13
7962	6
7963	11
7964	14
7965	12
7966	5
7967	11
7968	9
7969	14
7970	13
7971	16
7972	14
7973	7
7974	10
7975	17
7976	8
7977	5
7978	11
7979	13
7980	15
7981	15
7982	8
7983	18
7984	9
7985	18
7986	10
7987	19
7988	5
7989	13
7990	11
7991	9
7992	11
7993	17
7994	7
7995	14
7996	12
7997	9
7998	9
7999	7
8000	15
8001	22
8002	9
8003	12
8004	8
8005	16
8006	11
8007	12
8008	17
8009	11
8010	11
8011	8
8012	15
8013	12
8014	16
8015	11
8016	18
8017	10
8018	18
8019	8
8020	10
8021	11
8022	15
8023	12
8024	6
8025	12
8026	6
8027	9
8028	13
8029	14
8030	10
8031	16
8032	16
8033	16
8034	15
8035	10
8036	10
8037	10
8038	9
8039	14
8040	9
8041	15
8042	12
8043	8
8044	6
8045	8
8046	14
8047	7
8048	10
8049	11
8050	16
8051	10
8052	14
8053	17
8054	18
8055	15
8056	9
8057	9
8058	15
8059	11
8060	12
8061	16
8062	9
8063	10
8064	13
8065	9
8066	6
8067	13
8068	8
8069	11
8070	12
8071	9
8072	10
8073	8
8074	10
8075	13
8076	15
8077	13
8078	11
8079	13
8080	22
8081	9
8082	16
8083	17
8084	16
8085	13
8086	12
8087	13
8088	11
8089	9
8090	8
8091	11
8092	9
8093	12
8094	9
8095	13
8096	11
8097	11
8098	17
8099	8
8100	9
8101	15
8102	10
8103	14
8104	12
8105	11
8106	13
8107	8
8108	11
8109	14
8110	12
8111	7
8112	14
8113	8
8114	12
8115	12
8116	23
8117	14
8118	9
8119	10
8120	12
8121	12
8122	14
8123	15
8124	8
8125	9
8126	17
8127	5
8128	12
8129	5
8130	10
8131	15
8132	15
8133	8
8134	11
8135	13
8136	10
8137	15
8138	7
8139	10
8140	11
8141	13
8142	12
8143	17
8144	12
8145	12
8146	24
8147	15
8148	5
8149	13
8150	5
8151	8
8152	9
8153	14
8154	12
8155	15
8156	13
8157	11
8158	16
8159	18
8160	13
8161	13
8162	7
8163	15
8164	6
8165	16
8166	9
8167	10
8168	13
8169	16
8170	9
8171	12
8172	11
8173	13
8174	14
8175	12
8176	14
8177	14
8178	12
8179	12
8180	12
8181	9
8182	10
8183	12
8184	17
8185	8
8186	7
8187	17
8188	6
8189	13
8190	11
8191	11
8192	6